 sudo python full_hardware_code_w_arduino.py 
[0.0, 355.0, 0.01, 0.0, -0.11, -0.05]

[380.0, 380.0, 0.01, 0.0, 355.0, 355.0, 0.01, 0.0, -0.11, -0.05]
Going left
[380.0, 380.0, 0.01, 0.0, 355.0, 355.0, 0.01, 0.0, -0.11, -0.04]
[0.01, 0.0, -0.22, -0.04]
Going left
[380.0, 380.0, 0.01, 0.0, 355.0, 355.0, 0.01, 0.0, -0.11, -0.05]
[0.01, 0.0, -0.22, -0.05]
Going left
[380.0, 380.0, 0.01, 0.0, 355.0, 355.0, 0.01, 0.0, -0.11, -0.05]
[0.01, 0.0, -0.22, -0.05]
Going left
[380.0, 380.0, 0.01, 0.0, 355.0, 355.0, 0.01, 0.0, -0.11, -0.05]
[0.01, 0.0, -0.22, -0.05]
Going left
[380.0, 380.0, 0.01, 0.0, 355.0, 355.0, 0.01, 0.0, -0.11, -0.05]
[0.01, 0.0, -0.22, -0.05]
Going left
[380.0, 380.0, 0.01, 0.0, 355.0, 355.0, 0.01, 0.0, -0.11, -0.05]
[0.01, 0.0, -0.22, -0.05]
Going left
[380.0, 380.0, 0.01, 0.0, 355.0, 355.0, 0.01, 0.0, -0.11, -0.05]
[0.01, 0.0, -0.22, -0.05]
Going left
[380.0, 380.0, 0.01, 0.0, 355.0, 355.0, 0.01, 0.0, -0.11, -0.05]
[0.01, 0.0, -0.22, -0.05]
Going left
[380.0, 380.0, 0.01, 0.0, 355.0, 355.0, 0.01, 0.0, -0.11, -0.05]
[0.01, 0.0, -0.22, -0.05]
Going left
[380.0, 380.0, 0.01, 0.0, 355.0, 355.0, 0.01, 0.0, -0.11, -0.05]
[0.01, 0.0, -0.22, -0.05]
Going left
[380.0, 385.0, 0.01, 0.1, 355.0, 355.0, 0.01, 0.0, -0.11, -0.05]
[0.01, 0.05, -0.22, -0.05]
Going left
[385.0, 385.0, 0.01, 0.0, 355.0, 355.0, 0.01, 0.0, -0.11, -0.05]
[0.01, 0.0, -0.22, -0.05]
Going left
[385.0, 385.0, 0.01, 0.0, 355.0, 355.0, 0.01, 0.0, -0.11, -0.05]
[0.01, 0.0, -0.22, -0.05]
Going left
[385.0, 385.0, 0.01, 0.0, 355.0, 355.0, 0.01, 0.0, -0.11, -0.04]
[0.01, 0.0, -0.22, -0.04]
Going left
[385.0, 385.0, 0.01, 0.0, 355.0, 355.0, 0.01, 0.0, -0.11, -0.05]
[0.01, 0.0, -0.22, -0.05]
Going left
[380.0, 385.0, 0.01, 0.1, 355.0, 355.0, 0.01, 0.0, -0.11, -0.05]
[0.01, 0.05, -0.22, -0.05]
Going left
[380.0, 385.0, 0.01, 0.1, 355.0, 355.0, 0.01, 0.0, -0.09, -0.02]
[0.01, 0.05, -0.18, -0.02]
Going left
[390.0, 378.0, 0.01, -0.24, 358.0, 353.0, 0.02, -0.1, 0.05, 2.0]
[0.015, -0.16999999999999998, 0.1, 2.0]
going right
[399.0, 404.0, 0.03, 0.1, 345.0, 345.0, 0.03, 0.0, -0.1, -1.59]
[0.03, 0.05, -0.2, -1.59]
Going left
[420.0, 438.0, 0.07, 0.36, 322.0, 322.0, 0.05, 0.0, -0.02, 0.16]
[0.060000000000000005, 0.18, -0.04, 0.16]
going right
[456.0, 456.0, 0.09, 0.0, 296.0, 288.0, 0.08, -0.16, -0.48, -2.71]
[0.08499999999999999, -0.08, -0.96, -2.71]
Going left
[469.0, 454.0, 0.08, -0.3, 293.0, 303.0, 0.07, 0.2, 0.11, 5.9]
[0.07500000000000001, -0.04999999999999999, 0.22, 5.9]
going right
[465.0, 447.0, 0.08, -0.36, 290.0, 288.0, 0.08, -0.04, -0.58, -4.62]
[0.08, -0.19999999999999998, -1.16, -4.62]
Going left
[458.0, 471.0, 0.1, 0.26, 298.0, 306.0, 0.06, 0.16, 1.31, 2.64]
[0.08, 0.21000000000000002, 2.62, 2.64]
going right
[462.0, 473.0, 0.1, 0.22, 296.0, 280.0, 0.09, -0.32, -0.86, -3.8]
[0.095, -0.05, -1.72, -3.8]
Going left
[462.0, 462.0, 0.09, 0.0, 293.0, 298.0, 0.07, 0.1, 0.36, 5.07]
[0.08, 0.05, 0.72, 5.07]
going right
[465.0, 462.0, 0.09, -0.06, 296.0, 285.0, 0.09, -0.22, -0.33, -2.48]
[0.09, -0.14, -0.66, -2.48]
Going left
[469.0, 454.0, 0.08, -0.3, 288.0, 301.0, 0.07, 0.26, 0.18, 5.06]
[0.07500000000000001, -0.01999999999999999, 0.36, 5.06]
going right
[477.0, 480.0, 0.11, 0.06, 288.0, 290.0, 0.08, 0.04, -0.77, -4.83]
[0.095, 0.05, -1.54, -4.83]
Going left
[473.0, 458.0, 0.09, -0.3, 301.0, 301.0, 0.07, 0.0, 1.19, 4.23]
[0.08, -0.15, 2.38, 4.23]
going right
[450.0, 454.0, 0.08, 0.08, 288.0, 285.0, 0.09, -0.06, -0.52, -4.58]
[0.08499999999999999, 0.010000000000000002, -1.04, -4.58]
Going left
[471.0, 458.0, 0.09, -0.26, 296.0, 301.0, 0.07, 0.1, 0.45, 4.81]
[0.08, -0.08, 0.9, 4.81]
going right
[469.0, 469.0, 0.1, 0.0, 301.0, 290.0, 0.08, -0.22, -0.18, -2.9]
[0.09, -0.11, -0.36, -2.9]
Going left
[458.0, 473.0, 0.1, 0.3, 298.0, 301.0, 0.07, 0.06, 0.18, 4.28]
[0.085, 0.18, 0.36, 4.28]
going right
[465.0, 456.0, 0.09, -0.18, 290.0, 280.0, 0.09, -0.2, -0.52, -4.82]
[0.09, -0.19, -1.04, -4.82]
Going left
[465.0, 460.0, 0.09, -0.1, 285.0, 296.0, 0.07, 0.22, 0.41, 6.05]
[0.08, 0.06, 0.82, 6.05]
going right
[469.0, 454.0, 0.08, -0.3, 296.0, 290.0, 0.08, -0.12, -0.4, -3.32]
[0.08, -0.21, -0.8, -3.32]
Going left
[469.0, 460.0, 0.09, -0.18, 298.0, 303.0, 0.07, 0.1, 0.39, 5.81]
[0.08, -0.039999999999999994, 0.78, 5.81]
going right
[471.0, 480.0, 0.11, 0.18, 296.0, 290.0, 0.08, -0.12, -0.61, -3.47]
[0.095, 0.03, -1.22, -3.47]
Going left
[469.0, 456.0, 0.09, -0.26, 285.0, 296.0, 0.07, 0.22, 0.47, 5.75]
[0.08, -0.020000000000000004, 0.94, 5.75]
going right
[448.0, 454.0, 0.08, 0.12, 288.0, 288.0, 0.08, 0.0, -0.65, -4.18]
[0.08, 0.06, -1.3, -4.18]
Going left
[458.0, 454.0, 0.08, -0.08, 301.0, 306.0, 0.06, 0.1, 0.47, 5.99]
[0.07, 0.010000000000000002, 0.94, 5.99]
going right
[465.0, 458.0, 0.09, -0.14, 288.0, 288.0, 0.08, 0.0, -0.63, -4.37]
[0.08499999999999999, -0.07, -1.26, -4.37]
Going left
[467.0, 467.0, 0.1, 0.0, 293.0, 306.0, 0.06, 0.26, 0.92, 5.22]
[0.08, 0.13, 1.84, 5.22]
going right
[465.0, 450.0, 0.08, -0.3, 288.0, 288.0, 0.08, 0.0, -0.56, -3.6]
[0.08, -0.15, -1.12, -3.6]
Going left
[458.0, 454.0, 0.08, -0.08, 288.0, 301.0, 0.07, 0.26, 0.31, 5.44]
[0.07500000000000001, 0.09, 0.62, 5.44]
going right
[456.0, 450.0, 0.08, -0.12, 288.0, 288.0, 0.08, 0.0, -0.53, -3.83]
[0.08, -0.06, -1.06, -3.83]
Going left
[467.0, 454.0, 0.08, -0.26, 301.0, 301.0, 0.07, 0.0, 0.35, 5.81]
[0.07500000000000001, -0.13, 0.7, 5.81]
going right
[479.0, 480.0, 0.11, 0.02, 296.0, 282.0, 0.09, -0.28, -0.53, -3.71]
[0.1, -0.13, -1.06, -3.71]
Going left
[460.0, 475.0, 0.11, 0.3, 293.0, 298.0, 0.07, 0.1, 0.31, 5.05]
[0.09, 0.2, 0.62, 5.05]
going right
[475.0, 450.0, 0.08, -0.5, 288.0, 288.0, 0.08, 0.0, -0.42, -3.32]
[0.08, -0.25, -0.84, -3.32]
Going left
[462.0, 458.0, 0.09, -0.08, 301.0, 301.0, 0.07, 0.0, 0.28, 5.98]
[0.08, -0.04, 0.56, 5.98]
going right
[467.0, 469.0, 0.1, 0.04, 296.0, 285.0, 0.09, -0.22, -0.68, -4.23]
[0.095, -0.09, -1.36, -4.23]
Going left
[465.0, 456.0, 0.09, -0.18, 285.0, 303.0, 0.07, 0.36, 0.33, 5.88]
[0.08, 0.09, 0.66, 5.88]
going right
[452.0, 450.0, 0.08, -0.04, 293.0, 288.0, 0.08, -0.1, -0.63, -3.49]
[0.08, -0.07, -1.26, -3.49]
Going left
[479.0, 456.0, 0.09, -0.46, 298.0, 306.0, 0.06, 0.16, 0.97, 5.36]
[0.075, -0.15000000000000002, 1.94, 5.36]
going right
[469.0, 473.0, 0.1, 0.08, 282.0, 285.0, 0.09, 0.06, -0.66, -3.63]
[0.095, 0.07, -1.32, -3.63]
Going left
[462.0, 458.0, 0.09, -0.08, 296.0, 301.0, 0.07, 0.1, 0.35, 4.73]
[0.08, 0.010000000000000002, 0.7, 4.73]
going right
[475.0, 450.0, 0.08, -0.5, 288.0, 282.0, 0.09, -0.12, -0.32, -2.44]
[0.08499999999999999, -0.31, -0.64, -2.44]
Going left
[480.0, 454.0, 0.08, -0.52, 296.0, 296.0, 0.07, 0.0, -0.05, 5.39]
[0.07500000000000001, -0.26, -0.1, 5.39]
going right
[462.0, 469.0, 0.1, 0.14, 285.0, 288.0, 0.08, 0.06, -0.39, -4.51]
[0.09, 0.1, -0.78, -4.51]
Going left
[479.0, 471.0, 0.1, -0.16, 288.0, 293.0, 0.08, 0.1, 0.67, 6.1]
[0.09, -0.03, 1.34, 6.1]
going right
[460.0, 454.0, 0.08, -0.12, 285.0, 285.0, 0.09, 0.0, -0.78, -3.85]
[0.08499999999999999, -0.06, -1.56, -3.85]
Going left
[460.0, 465.0, 0.1, 0.1, 298.0, 293.0, 0.08, -0.1, 1.17, 4.44]
[0.09, 0.0, 2.34, 4.44]
going right
[452.0, 460.0, 0.09, 0.16, 290.0, 280.0, 0.09, -0.2, -0.71, -3.79]
[0.09, -0.020000000000000004, -1.42, -3.79]
Going left
[462.0, 458.0, 0.09, -0.08, 288.0, 301.0, 0.07, 0.26, 0.42, 4.6]
[0.08, 0.09, 0.84, 4.6]
going right
[479.0, 454.0, 0.08, -0.5, 288.0, 282.0, 0.09, -0.12, -0.4, -2.85]
[0.08499999999999999, -0.31, -0.8, -2.85]
Going left
[462.0, 471.0, 0.1, 0.18, 293.0, 301.0, 0.07, 0.16, 0.21, 5.81]
[0.085, 0.16999999999999998, 0.42, 5.81]
going right
[454.0, 456.0, 0.09, 0.04, 290.0, 285.0, 0.09, -0.1, -0.75, -4.37]
[0.09, -0.030000000000000002, -1.5, -4.37]
Going left
[460.0, 475.0, 0.11, 0.3, 293.0, 293.0, 0.08, 0.0, 0.38, 5.78]
[0.095, 0.15, 0.76, 5.78]
going right
[452.0, 458.0, 0.09, 0.12, 290.0, 290.0, 0.08, 0.0, -0.72, -3.48]
[0.08499999999999999, 0.06, -1.44, -3.48]
Going left
[454.0, 447.0, 0.08, -0.14, 303.0, 298.0, 0.07, -0.1, 0.38, 5.55]
[0.07500000000000001, -0.12000000000000001, 0.76, 5.55]
going right
[450.0, 450.0, 0.08, 0.0, 288.0, 282.0, 0.09, -0.12, -0.61, -3.57]
[0.08499999999999999, -0.06, -1.22, -3.57]
Going left
[465.0, 456.0, 0.09, -0.18, 285.0, 298.0, 0.07, 0.26, 0.24, 5.14]
[0.08, 0.04000000000000001, 0.48, 5.14]
going right
[448.0, 454.0, 0.08, 0.12, 296.0, 290.0, 0.08, -0.12, -0.35, -2.77]
[0.08, 0.0, -0.7, -2.77]
Going left
[469.0, 469.0, 0.1, 0.0, 298.0, 303.0, 0.07, 0.1, 0.25, 4.95]
[0.085, 0.05, 0.5, 4.95]
going right
[471.0, 473.0, 0.1, 0.04, 288.0, 282.0, 0.09, -0.12, -0.59, -4.53]
[0.095, -0.039999999999999994, -1.18, -4.53]
Going left
[456.0, 460.0, 0.09, 0.08, 298.0, 298.0, 0.07, 0.0, 1.0, 6.09]
[0.08, 0.04, 2.0, 6.09]
going right
[469.0, 477.0, 0.11, 0.16, 288.0, 288.0, 0.08, 0.0, -0.98, -3.6]
[0.095, 0.08, -1.96, -3.6]
Going left
[480.0, 454.0, 0.08, -0.52, 293.0, 306.0, 0.06, 0.26, 0.38, 5.35]
[0.07, -0.13, 0.76, 5.35]
going right
[460.0, 454.0, 0.08, -0.12, 288.0, 288.0, 0.08, 0.0, -0.43, -3.17]
[0.08, -0.06, -0.86, -3.17]
Going left
[462.0, 454.0, 0.08, -0.16, 296.0, 296.0, 0.07, 0.0, 0.26, 5.11]
[0.07500000000000001, -0.08, 0.52, 5.11]
going right
[475.0, 462.0, 0.09, -0.26, 288.0, 282.0, 0.09, -0.12, -0.41, -3.79]
[0.09, -0.19, -0.82, -3.79]
Going left
[462.0, 454.0, 0.08, -0.16, 296.0, 296.0, 0.07, 0.0, 0.3, 5.8]
[0.07500000000000001, -0.08, 0.6, 5.8]
going right
[465.0, 480.0, 0.11, 0.3, 293.0, 288.0, 0.08, -0.1, -0.59, -3.93]
[0.095, 0.09999999999999999, -1.18, -3.93]
Going left
[458.0, 454.0, 0.08, -0.08, 301.0, 301.0, 0.07, 0.0, 0.51, 5.95]
[0.07500000000000001, -0.04, 1.02, 5.95]
going right
[452.0, 450.0, 0.08, -0.04, 293.0, 293.0, 0.08, 0.0, -0.64, -4.06]
[0.08, -0.02, -1.28, -4.06]
Going left
[456.0, 452.0, 0.08, -0.08, 293.0, 301.0, 0.07, 0.16, 0.98, 5.72]
[0.07500000000000001, 0.04, 1.96, 5.72]
going right
[475.0, 473.0, 0.1, -0.04, 296.0, 290.0, 0.08, -0.12, -0.55, -3.57]
[0.09, -0.08, -1.1, -3.57]
Going left
[460.0, 479.0, 0.11, 0.38, 293.0, 293.0, 0.08, 0.0, 0.27, 4.6]
[0.095, 0.19, 0.54, 4.6]
going right
[479.0, 454.0, 0.08, -0.5, 293.0, 293.0, 0.08, 0.0, -0.58, -3.39]
[0.08, -0.25, -1.16, -3.39]
Going left
[465.0, 450.0, 0.08, -0.3, 303.0, 306.0, 0.06, 0.06, 0.25, 6.27]
[0.07, -0.12, 0.5, 6.27]
going right
[460.0, 469.0, 0.1, 0.18, 288.0, 282.0, 0.09, -0.12, -0.76, -4.23]
[0.095, 0.03, -1.52, -4.23]
Going left
[465.0, 473.0, 0.1, 0.16, 296.0, 301.0, 0.07, 0.1, 0.54, 5.81]
[0.085, 0.13, 1.08, 5.81]
going right
[469.0, 458.0, 0.09, -0.22, 293.0, 285.0, 0.09, -0.16, -0.61, -3.91]
[0.09, -0.19, -1.22, -3.91]
Going left
[469.0, 460.0, 0.09, -0.18, 298.0, 301.0, 0.07, 0.06, 1.02, 5.59]
[0.08, -0.06, 2.04, 5.59]
going right
[475.0, 473.0, 0.1, -0.04, 290.0, 285.0, 0.09, -0.1, -0.51, -3.56]
[0.095, -0.07, -1.02, -3.56]
Going left
[467.0, 485.0, 0.12, 0.36, 296.0, 296.0, 0.07, 0.0, 0.37, 4.21]
[0.095, 0.18, 0.74, 4.21]
going right
[471.0, 454.0, 0.08, -0.34, 285.0, 285.0, 0.09, 0.0, -0.4, -3.3]
[0.08499999999999999, -0.17, -0.8, -3.3]
Going left
[454.0, 454.0, 0.08, 0.0, 303.0, 298.0, 0.07, -0.1, 0.19, 5.6]
[0.07500000000000001, -0.05, 0.38, 5.6]
going right
[448.0, 469.0, 0.1, 0.42, 288.0, 282.0, 0.09, -0.12, -0.73, -4.5]
[0.095, 0.15, -1.46, -4.5]
Going left
[465.0, 465.0, 0.1, 0.0, 296.0, 301.0, 0.07, 0.1, 0.46, 5.73]
[0.085, 0.05, 0.92, 5.73]
going right
[469.0, 462.0, 0.09, -0.14, 298.0, 285.0, 0.09, -0.26, -0.6, -4.08]
[0.09, -0.2, -1.2, -4.08]
Going left
[469.0, 460.0, 0.09, -0.18, 298.0, 296.0, 0.07, -0.04, 0.67, 5.55]
[0.08, -0.11, 1.34, 5.55]
going right
[475.0, 465.0, 0.1, -0.2, 290.0, 280.0, 0.09, -0.2, -0.66, -3.7]
[0.095, -0.2, -1.32, -3.7]
Going left
[471.0, 462.0, 0.09, -0.18, 296.0, 296.0, 0.07, 0.0, 0.36, 4.19]
[0.08, -0.09, 0.72, 4.19]
going right
[462.0, 458.0, 0.09, -0.08, 293.0, 293.0, 0.08, 0.0, -0.42, -2.91]
[0.08499999999999999, -0.04, -0.84, -2.91]
Going left
[456.0, 465.0, 0.1, 0.18, 298.0, 301.0, 0.07, 0.06, 0.2, 5.76]
[0.085, 0.12, 0.4, 5.76]
going right
[467.0, 460.0, 0.09, -0.14, 288.0, 282.0, 0.09, -0.12, -0.8, -4.79]
[0.09, -0.13, -1.6, -4.79]
Going left
[477.0, 480.0, 0.11, 0.06, 288.0, 306.0, 0.06, 0.36, 0.36, 5.73]
[0.08499999999999999, 0.21, 0.72, 5.73]
going right
[456.0, 454.0, 0.08, -0.04, 285.0, 285.0, 0.09, 0.0, -0.71, -3.78]
[0.08499999999999999, -0.02, -1.42, -3.78]
Going left
[456.0, 452.0, 0.08, -0.08, 293.0, 301.0, 0.07, 0.16, 0.35, 5.76]
[0.07500000000000001, 0.04, 0.7, 5.76]
going right
[460.0, 477.0, 0.11, 0.34, 296.0, 290.0, 0.08, -0.12, -0.53, -3.8]
[0.095, 0.11000000000000001, -1.06, -3.8]
Going left
[465.0, 475.0, 0.11, 0.2, 293.0, 293.0, 0.08, 0.0, 0.32, 4.6]
[0.095, 0.1, 0.64, 4.6]
going right
[475.0, 454.0, 0.08, -0.42, 293.0, 293.0, 0.08, 0.0, -0.48, -3.16]
[0.08, -0.21, -0.96, -3.16]
Going left
[465.0, 450.0, 0.08, -0.3, 298.0, 306.0, 0.06, 0.16, 0.18, 6.08]
[0.07, -0.06999999999999999, 0.36, 6.08]
going right
[462.0, 465.0, 0.1, 0.06, 296.0, 290.0, 0.08, -0.12, -0.84, -4.29]
[0.09, -0.03, -1.68, -4.29]
Going left
[469.0, 465.0, 0.1, -0.08, 290.0, 296.0, 0.07, 0.12, 0.3, 5.47]
[0.085, 0.019999999999999997, 0.6, 5.47]
going right
[460.0, 462.0, 0.09, 0.04, 290.0, 290.0, 0.08, 0.0, -0.74, -3.99]
[0.08499999999999999, 0.02, -1.48, -3.99]
Going left
[454.0, 473.0, 0.1, 0.38, 298.0, 301.0, 0.07, 0.06, 1.01, 5.4]
[0.085, 0.22, 2.02, 5.4]
going right
[475.0, 465.0, 0.1, -0.2, 290.0, 285.0, 0.09, -0.1, -0.83, -3.82]
[0.095, -0.15000000000000002, -1.66, -3.82]
Going left
[460.0, 483.0, 0.11, 0.46, 293.0, 293.0, 0.08, 0.0, 0.43, 4.81]
[0.095, 0.23, 0.86, 4.81]
going right
[460.0, 462.0, 0.09, 0.04, 285.0, 293.0, 0.08, 0.16, -0.57, -3.18]
[0.08499999999999999, 0.1, -1.14, -3.18]
Going left
[456.0, 456.0, 0.09, 0.0, 293.0, 301.0, 0.07, 0.16, 0.23, 6.13]
[0.08, 0.08, 0.46, 6.13]
going right
[479.0, 477.0, 0.11, -0.04, 288.0, 288.0, 0.08, 0.0, -0.61, -3.99]
[0.095, -0.02, -1.22, -3.99]
Going left
[480.0, 473.0, 0.1, -0.14, 296.0, 296.0, 0.07, 0.0, 0.52, 5.82]
[0.085, -0.07, 1.04, 5.82]
going right
[456.0, 462.0, 0.09, 0.12, 298.0, 296.0, 0.07, -0.04, -0.63, -4.02]
[0.08, 0.039999999999999994, -1.26, -4.02]
Going left
[475.0, 454.0, 0.08, -0.42, 298.0, 306.0, 0.06, 0.16, 0.34, 5.54]
[0.07, -0.13, 0.68, 5.54]
going right
[448.0, 473.0, 0.1, 0.5, 296.0, 290.0, 0.08, -0.12, -0.59, -3.6]
[0.09, 0.19, -1.18, -3.6]
Going left
[460.0, 475.0, 0.11, 0.3, 288.0, 301.0, 0.07, 0.26, 0.38, 4.74]
[0.09, 0.28, 0.76, 4.74]
going right
[479.0, 458.0, 0.09, -0.42, 293.0, 293.0, 0.08, 0.0, -0.45, -3.16]
[0.08499999999999999, -0.21, -0.9, -3.16]
Going left
[483.0, 452.0, 0.08, -0.62, 293.0, 301.0, 0.07, 0.16, 0.17, 5.69]
[0.07500000000000001, -0.22999999999999998, 0.34, 5.69]
going right
[454.0, 465.0, 0.1, 0.22, 296.0, 290.0, 0.08, -0.12, -0.56, -4.32]
[0.09, 0.05, -1.12, -4.32]
Going left
[480.0, 465.0, 0.1, -0.3, 290.0, 303.0, 0.07, 0.26, 0.5, 5.84]
[0.085, -0.01999999999999999, 1.0, 5.84]
going right
[452.0, 458.0, 0.09, 0.12, 290.0, 290.0, 0.08, 0.0, -0.67, -3.78]
[0.08499999999999999, 0.06, -1.34, -3.78]
Going left
[480.0, 469.0, 0.1, -0.22, 298.0, 301.0, 0.07, 0.06, 1.0, 5.44]
[0.085, -0.08, 2.0, 5.44]
going right
[479.0, 473.0, 0.1, -0.12, 296.0, 290.0, 0.08, -0.12, -0.67, -3.85]
[0.09, -0.12, -1.34, -3.85]
Going left
[465.0, 456.0, 0.09, -0.18, 293.0, 298.0, 0.07, 0.1, 0.23, 4.69]
[0.08, -0.039999999999999994, 0.46, 4.69]
going right
[460.0, 458.0, 0.09, -0.04, 293.0, 293.0, 0.08, 0.0, -0.54, -3.25]
[0.08499999999999999, -0.02, -1.08, -3.25]
Going left
[456.0, 456.0, 0.09, 0.0, 293.0, 301.0, 0.07, 0.16, 0.24, 5.88]
[0.08, 0.08, 0.48, 5.88]
going right
[475.0, 477.0, 0.11, 0.04, 288.0, 282.0, 0.09, -0.12, -0.62, -4.25]
[0.1, -0.039999999999999994, -1.24, -4.25]
Going left
[458.0, 477.0, 0.11, 0.38, 296.0, 296.0, 0.07, 0.0, 0.44, 5.78]
[0.09, 0.19, 0.88, 5.78]
going right
[456.0, 462.0, 0.09, 0.12, 290.0, 288.0, 0.08, -0.04, -0.62, -4.27]
[0.08499999999999999, 0.039999999999999994, -1.24, -4.27]
Going left
[452.0, 462.0, 0.09, 0.2, 290.0, 306.0, 0.06, 0.32, 0.52, 5.11]
[0.075, 0.26, 1.04, 5.11]
going right
[460.0, 480.0, 0.11, 0.4, 288.0, 282.0, 0.09, -0.12, -0.56, -3.49]
[0.1, 0.14, -1.12, -3.49]
Going left
[469.0, 456.0, 0.09, -0.26, 293.0, 298.0, 0.07, 0.1, 0.23, 4.65]
[0.08, -0.08, 0.46, 4.65]
going right
[448.0, 467.0, 0.1, 0.38, 293.0, 285.0, 0.09, -0.16, -0.37, -3.8]
[0.095, 0.11, -0.74, -3.8]
Going left
[454.0, 450.0, 0.08, -0.08, 298.0, 306.0, 0.06, 0.16, 0.27, 5.67]
[0.07, 0.04, 0.54, 5.67]
going right
[475.0, 473.0, 0.1, -0.04, 288.0, 282.0, 0.09, -0.12, -0.67, -4.23]
[0.095, -0.08, -1.34, -4.23]
Going left
[477.0, 465.0, 0.1, -0.24, 290.0, 296.0, 0.07, 0.12, 0.34, 5.29]
[0.085, -0.06, 0.68, 5.29]
going right
[460.0, 471.0, 0.1, 0.22, 290.0, 288.0, 0.08, -0.04, -0.49, -4.25]
[0.09, 0.09, -0.98, -4.25]
Going left
[456.0, 462.0, 0.09, 0.12, 290.0, 306.0, 0.06, 0.32, 0.38, 5.08]
[0.075, 0.22, 0.76, 5.08]
going right
[447.0, 454.0, 0.08, 0.14, 293.0, 293.0, 0.08, 0.0, -0.56, -4.09]
[0.08, 0.07, -1.12, -4.09]
Going left
[475.0, 471.0, 0.1, -0.08, 293.0, 301.0, 0.07, 0.16, 0.35, 5.76]
[0.085, 0.04, 0.7, 5.76]
going right
[460.0, 462.0, 0.09, 0.04, 293.0, 285.0, 0.09, -0.16, -0.45, -3.71]
[0.09, -0.06, -0.9, -3.71]
Going left
[454.0, 473.0, 0.1, 0.38, 298.0, 301.0, 0.07, 0.06, 0.31, 4.99]
[0.085, 0.22, 0.62, 4.99]
going right
[448.0, 462.0, 0.09, 0.28, 288.0, 288.0, 0.08, 0.0, -0.49, -4.02]
[0.08499999999999999, 0.14, -0.98, -4.02]
Going left
[456.0, 479.0, 0.11, 0.46, 293.0, 301.0, 0.07, 0.16, 0.46, 6.06]
[0.09, 0.31, 0.92, 6.06]
going right
[452.0, 454.0, 0.08, 0.04, 298.0, 296.0, 0.07, -0.04, -0.62, -4.55]
[0.07500000000000001, 0.0, -1.24, -4.55]
Going left
[475.0, 450.0, 0.08, -0.5, 298.0, 306.0, 0.06, 0.16, 0.37, 5.4]
[0.07, -0.16999999999999998, 0.74, 5.4]
going right
[452.0, 462.0, 0.09, 0.2, 288.0, 288.0, 0.08, 0.0, -0.55, -3.53]
[0.08499999999999999, 0.1, -1.1, -3.53]
Going left
[458.0, 480.0, 0.11, 0.44, 296.0, 296.0, 0.07, 0.0, 0.2, 4.75]
[0.09, 0.22, 0.4, 4.75]
going right
[460.0, 462.0, 0.09, 0.04, 285.0, 296.0, 0.07, 0.22, -0.43, -3.93]
[0.08, 0.13, -0.86, -3.93]
Going left
[452.0, 454.0, 0.08, 0.04, 298.0, 298.0, 0.07, 0.0, 0.38, 4.98]
[0.07500000000000001, 0.02, 0.76, 4.98]
going right
[469.0, 454.0, 0.08, -0.3, 293.0, 288.0, 0.08, -0.1, -0.53, -3.99]
[0.08, -0.2, -1.06, -3.99]
Going left
[477.0, 460.0, 0.09, -0.34, 298.0, 303.0, 0.07, 0.1, 0.29, 5.76]
[0.08, -0.12000000000000001, 0.58, 5.76]
going right
[460.0, 475.0, 0.11, 0.3, 290.0, 285.0, 0.09, -0.1, -0.32, -4.3]
[0.1, 0.09999999999999999, -0.64, -4.3]
Going left
[467.0, 460.0, 0.09, -0.14, 298.0, 303.0, 0.07, 0.1, 0.35, 3.72]
[0.08, -0.020000000000000004, 0.7, 3.72]
going right
[454.0, 465.0, 0.1, 0.22, 303.0, 298.0, 0.07, -0.1, -0.36, -2.95]
[0.085, 0.06, -0.72, -2.95]
Going left
[452.0, 460.0, 0.09, 0.16, 311.0, 317.0, 0.05, 0.12, 0.16, 5.37]
[0.07, 0.14, 0.32, 5.37]
going right
[462.0, 460.0, 0.09, -0.04, 303.0, 298.0, 0.07, -0.1, -0.47, -4.65]
[0.08, -0.07, -0.94, -4.65]
Going left
[448.0, 462.0, 0.09, 0.28, 306.0, 306.0, 0.06, 0.0, 0.51, 6.09]
[0.075, 0.14, 1.02, 6.09]
going right
[436.0, 450.0, 0.08, 0.28, 301.0, 298.0, 0.07, -0.06, -0.62, -4.14]
[0.07500000000000001, 0.11000000000000001, -1.24, -4.14]
Going left
[450.0, 434.0, 0.06, -0.32, 306.0, 309.0, 0.06, 0.06, 0.35, 5.43]
[0.06, -0.13, 0.7, 5.43]
going right
[436.0, 469.0, 0.1, 0.66, 303.0, 298.0, 0.07, -0.1, -0.58, -3.62]
[0.085, 0.28, -1.16, -3.62]
Going left
[448.0, 467.0, 0.1, 0.38, 306.0, 306.0, 0.06, 0.0, 0.22, 4.91]
[0.08, 0.19, 0.44, 4.91]
going right
[432.0, 458.0, 0.09, 0.52, 301.0, 306.0, 0.06, 0.1, -0.32, -4.03]
[0.075, 0.31, -0.64, -4.03]
Going left
[436.0, 442.0, 0.07, 0.12, 311.0, 311.0, 0.06, 0.0, 0.34, 4.45]
[0.065, 0.06, 0.68, 4.45]
going right
[447.0, 458.0, 0.09, 0.22, 303.0, 303.0, 0.07, 0.0, -0.24, -4.98]
[0.08, 0.11, -0.48, -4.98]
Going left
[448.0, 438.0, 0.07, -0.2, 306.0, 314.0, 0.06, 0.16, 0.33, 4.98]
[0.065, -0.020000000000000004, 0.66, 4.98]
going right
[438.0, 471.0, 0.1, 0.66, 309.0, 303.0, 0.07, -0.12, -0.65, -4.56]
[0.085, 0.27, -1.3, -4.56]
Going left
[456.0, 445.0, 0.08, -0.22, 306.0, 319.0, 0.05, 0.26, 0.52, 5.26]
[0.065, 0.020000000000000004, 1.04, 5.26]
going right
[447.0, 434.0, 0.06, -0.26, 298.0, 303.0, 0.07, 0.1, -0.54, -4.84]
[0.065, -0.08, -1.08, -4.84]
Going left
[436.0, 434.0, 0.06, -0.04, 314.0, 314.0, 0.06, 0.0, 0.39, 5.01]
[0.06, -0.02, 0.78, 5.01]
going right
[438.0, 467.0, 0.1, 0.58, 301.0, 298.0, 0.07, -0.06, -0.43, -4.58]
[0.085, 0.26, -0.86, -4.58]
Going left
[445.0, 447.0, 0.08, 0.04, 317.0, 314.0, 0.06, -0.06, 0.4, 4.13]
[0.07, -0.009999999999999998, 0.8, 4.13]
going right
[438.0, 436.0, 0.07, -0.04, 314.0, 314.0, 0.06, 0.0, -0.38, -3.58]
[0.065, -0.02, -0.76, -3.58]
Going left
[452.0, 436.0, 0.07, -0.32, 319.0, 324.0, 0.05, 0.1, 0.18, 5.5]
[0.060000000000000005, -0.11, 0.36, 5.5]
going right
[447.0, 438.0, 0.07, -0.18, 311.0, 311.0, 0.06, 0.0, -0.39, -3.78]
[0.065, -0.09, -0.78, -3.78]
Going left
[428.0, 424.0, 0.05, -0.08, 322.0, 330.0, 0.04, 0.16, 0.29, 5.9]
[0.045, 0.04, 0.58, 5.9]
going right
[428.0, 434.0, 0.06, 0.12, 317.0, 317.0, 0.05, 0.0, -0.78, -5.14]
[0.055, 0.06, -1.56, -5.14]
Going left
[456.0, 448.0, 0.08, -0.16, 327.0, 330.0, 0.04, 0.06, 1.3, 2.42]
[0.06, -0.05, 2.6, 2.42]
going right
[456.0, 442.0, 0.07, -0.28, 322.0, 314.0, 0.06, -0.16, -0.85, -2.63]
[0.065, -0.22000000000000003, -1.7, -2.63]
Going left
[424.0, 442.0, 0.07, 0.36, 319.0, 332.0, 0.04, 0.26, 0.92, 3.79]
[0.05500000000000001, 0.31, 1.84, 3.79]
going right
[442.0, 454.0, 0.08, 0.24, 324.0, 311.0, 0.06, -0.26, -0.22, -2.98]
[0.07, -0.010000000000000009, -0.44, -2.98]
Going left
[428.0, 438.0, 0.07, 0.2, 322.0, 324.0, 0.05, 0.04, 0.21, 3.22]
[0.060000000000000005, 0.12000000000000001, 0.42, 3.22]
going right
[438.0, 434.0, 0.06, -0.08, 317.0, 314.0, 0.06, -0.06, -0.36, -5.8]
[0.06, -0.07, -0.72, -5.8]
Going left
[426.0, 448.0, 0.08, 0.44, 322.0, 332.0, 0.04, 0.2, 0.44, 4.89]
[0.06, 0.32, 0.88, 4.89]
going right
[420.0, 447.0, 0.08, 0.54, 335.0, 330.0, 0.04, -0.1, -0.27, -4.74]
[0.06, 0.22000000000000003, -0.54, -4.74]
Going left
[420.0, 418.0, 0.05, -0.04, 345.0, 348.0, 0.02, 0.06, 0.22, 4.52]
[0.035, 0.009999999999999998, 0.44, 4.52]
going right
[411.0, 399.0, 0.03, -0.24, 348.0, 343.0, 0.03, -0.1, -0.33, -4.95]
[0.03, -0.16999999999999998, -0.66, -4.95]
Going left
[397.0, 392.0, 0.02, -0.1, 351.0, 362.0, 0.01, 0.22, 0.43, 4.45]
[0.015, 0.06, 0.86, 4.45]
going right
[373.0, 362.0, -0.01, -0.22, 360.0, 367.0, 0.0, 0.14, -0.54, -5.2]
[-0.005, -0.039999999999999994, -1.08, -5.2]
Going left
[365.0, 355.0, -0.01, -0.2, 388.0, 380.0, -0.01, -0.16, 0.99, 4.82]
[-0.01, -0.18, 1.98, 4.82]
going right
[351.0, 351.0, -0.02, 0.0, 369.0, 373.0, -0.0, 0.08, -0.85, -4.02]
[-0.01, 0.04, -1.7, -4.02]
Going left
[360.0, 358.0, -0.01, -0.04, 373.0, 390.0, -0.02, 0.34, 1.25, 1.73]
[-0.015, 0.15000000000000002, 2.5, 1.73]
going right
[351.0, 353.0, -0.02, 0.04, 380.0, 362.0, 0.01, -0.36, -0.91, -2.06]
[-0.005, -0.16, -1.82, -2.06]
Going left
[362.0, 351.0, -0.02, -0.22, 378.0, 395.0, -0.03, 0.34, 0.81, 4.12]
[-0.025, 0.06000000000000001, 1.62, 4.12]
going right
[348.0, 365.0, -0.0, 0.34, 371.0, 367.0, 0.0, -0.08, -0.3, -3.78]
[0.0, 0.13, -0.6, -3.78]
Going left
[367.0, 369.0, -0.0, 0.04, 373.0, 385.0, -0.01, 0.24, 0.23, 4.44]
[-0.005, 0.13999999999999999, 0.46, 4.44]
going right
[355.0, 358.0, -0.01, 0.06, 369.0, 371.0, -0.0, 0.04, -0.41, -5.6]
[-0.005, 0.05, -0.82, -5.6]
Going left
[355.0, 353.0, -0.02, -0.04, 392.0, 385.0, -0.01, -0.14, 0.29, 4.99]
[-0.015, -0.09000000000000001, 0.58, 4.99]
going right
[353.0, 351.0, -0.02, -0.04, 390.0, 380.0, -0.01, -0.2, -0.25, -2.84]
[-0.015, -0.12000000000000001, -0.5, -2.84]
Going left
[353.0, 360.0, -0.01, 0.14, 373.0, 383.0, -0.01, 0.2, 0.09, 3.91]
[-0.01, 0.17, 0.18, 3.91]
going right
[367.0, 360.0, -0.01, -0.14, 378.0, 371.0, -0.0, -0.14, -0.33, -5.03]
[-0.005, -0.14, -0.66, -5.03]
Going left
[362.0, 358.0, -0.01, -0.08, 388.0, 402.0, -0.03, 0.28, 0.28, 5.73]
[-0.02, 0.1, 0.56, 5.73]
going right
[348.0, 380.0, 0.01, 0.64, 378.0, 373.0, -0.0, -0.1, -0.29, -3.59]
[0.005, 0.27, -0.58, -3.59]
Going left
[362.0, 355.0, -0.01, -0.14, 397.0, 397.0, -0.03, 0.0, 0.16, 4.27]
[-0.02, -0.07, 0.32, 4.27]
going right
[380.0, 360.0, -0.01, -0.4, 380.0, 376.0, -0.01, -0.08, -0.23, -3.74]
[-0.01, -0.24000000000000002, -0.46, -3.74]
Going left
[360.0, 362.0, -0.01, 0.04, 376.0, 388.0, -0.02, 0.24, 0.17, 4.59]
[-0.015, 0.13999999999999999, 0.34, 4.59]
going right
[367.0, 369.0, -0.0, 0.04, 369.0, 376.0, -0.01, 0.14, -0.34, -5.93]
[-0.005, 0.09000000000000001, -0.68, -5.93]
Going left
[355.0, 348.0, -0.02, -0.14, 380.0, 385.0, -0.01, 0.1, 0.24, 5.12]
[-0.015, -0.020000000000000004, 0.48, 5.12]
going right
[348.0, 358.0, -0.01, 0.2, 380.0, 376.0, -0.01, -0.08, -0.48, -3.74]
[-0.01, 0.060000000000000005, -0.96, -3.74]
Going left
[367.0, 351.0, -0.02, -0.32, 390.0, 392.0, -0.02, 0.04, 0.24, 5.57]
[-0.02, -0.14, 0.48, 5.57]
going right
[353.0, 360.0, -0.01, 0.14, 376.0, 371.0, -0.0, -0.1, -0.36, -4.47]
[-0.005, 0.020000000000000004, -0.72, -4.47]
Going left
[362.0, 353.0, -0.02, -0.18, 373.0, 388.0, -0.02, 0.3, 0.22, 4.25]
[-0.02, 0.06, 0.44, 4.25]
going right
[358.0, 362.0, -0.01, 0.08, 367.0, 365.0, 0.0, -0.04, -0.29, -3.71]
[-0.005, 0.02, -0.58, -3.71]
Going left
[358.0, 353.0, -0.02, -0.1, 380.0, 385.0, -0.01, 0.1, 0.14, 4.77]
[-0.015, 0.0, 0.28, 4.77]
going right
[348.0, 358.0, -0.01, 0.2, 380.0, 380.0, -0.01, 0.0, -0.29, -4.31]
[-0.01, 0.1, -0.58, -4.31]
Going left
[348.0, 358.0, -0.01, 0.2, 388.0, 392.0, -0.02, 0.08, 0.21, 6.04]
[-0.015, 0.14, 0.42, 6.04]
going right
[348.0, 360.0, -0.01, 0.24, 376.0, 373.0, -0.0, -0.06, -0.48, -4.84]
[-0.005, 0.09, -0.96, -4.84]
Going left
[355.0, 358.0, -0.01, 0.06, 373.0, 376.0, -0.01, 0.06, 0.24, 4.77]
[-0.01, 0.06, 0.48, 4.77]
going right
[365.0, 378.0, 0.01, 0.26, 369.0, 362.0, 0.01, -0.14, -0.41, -4.25]
[0.01, 0.06, -0.82, -4.25]
Going left
[369.0, 353.0, -0.02, -0.32, 392.0, 392.0, -0.02, 0.0, 0.31, 4.5]
[-0.02, -0.16, 0.62, 4.5]
going right
[348.0, 351.0, -0.02, 0.06, 378.0, 385.0, -0.01, 0.14, -0.26, -3.25]
[-0.015, 0.1, -0.52, -3.25]
Going left
[373.0, 355.0, -0.01, -0.36, 378.0, 392.0, -0.02, 0.28, 0.13, 4.17]
[-0.015, -0.03999999999999998, 0.26, 4.17]
going right
[358.0, 376.0, 0.01, 0.36, 362.0, 380.0, -0.01, 0.36, -0.32, -4.74]
[0.0, 0.36, -0.64, -4.74]
Going left
[371.0, 362.0, -0.01, -0.18, 388.0, 385.0, -0.01, -0.06, 0.23, 5.89]
[-0.01, -0.12, 0.46, 5.89]
going right
[373.0, 353.0, -0.02, -0.4, 392.0, 383.0, -0.01, -0.18, -0.35, -3.68]
[-0.015, -0.29000000000000004, -0.7, -3.68]
Going left
[373.0, 351.0, -0.02, -0.44, 380.0, 385.0, -0.01, 0.1, 0.21, 4.22]
[-0.015, -0.16999999999999998, 0.42, 4.22]
going right
[351.0, 358.0, -0.01, 0.14, 373.0, 378.0, -0.01, 0.1, -0.31, -4.89]
[-0.01, 0.12000000000000001, -0.62, -4.89]
Going left
[373.0, 351.0, -0.02, -0.44, 388.0, 380.0, -0.01, -0.16, 0.37, 5.57]
[-0.015, -0.3, 0.74, 5.57]
going right
[355.0, 358.0, -0.01, 0.06, 369.0, 376.0, -0.01, 0.14, -0.94, -2.94]
[-0.01, 0.1, -1.88, -2.94]
Going left
[365.0, 353.0, -0.02, -0.24, 380.0, 388.0, -0.02, 0.16, 1.21, 1.39]
[-0.02, -0.039999999999999994, 2.42, 1.39]
going right
[351.0, 362.0, -0.01, 0.22, 373.0, 369.0, 0.0, -0.08, -0.28, -3.38]
[-0.005, 0.07, -0.56, -3.38]
Going left
[369.0, 351.0, -0.02, -0.36, 376.0, 378.0, -0.01, 0.04, 0.17, 3.73]
[-0.015, -0.16, 0.34, 3.73]
going right
[371.0, 378.0, 0.01, 0.14, 378.0, 369.0, 0.0, -0.18, -0.29, -5.21]
[0.005, -0.01999999999999999, -0.58, -5.21]
Going left
[362.0, 365.0, -0.0, 0.06, 380.0, 390.0, -0.02, 0.2, 0.22, 4.82]
[-0.01, 0.13, 0.44, 4.82]
going right
[378.0, 353.0, -0.02, -0.5, 383.0, 373.0, -0.0, -0.2, -0.2, -2.79]
[-0.01, -0.35, -0.4, -2.79]
Going left
[360.0, 362.0, -0.01, 0.04, 376.0, 376.0, -0.01, 0.0, 0.03, 3.99]
[-0.01, 0.02, 0.06, 3.99]
going right
[373.0, 367.0, -0.0, -0.12, 367.0, 365.0, 0.0, -0.04, -0.29, -5.3]
[0.0, -0.08, -0.58, -5.3]
Going left
[358.0, 353.0, -0.02, -0.1, 380.0, 385.0, -0.01, 0.1, 0.45, 6.13]
[-0.015, 0.0, 0.9, 6.13]
going right
[378.0, 380.0, 0.01, 0.04, 390.0, 376.0, -0.01, -0.28, -0.32, -3.7]
[0.0, -0.12000000000000001, -0.64, -3.7]
Going left
[353.0, 355.0, -0.01, 0.04, 388.0, 376.0, -0.01, -0.24, 0.19, 4.47]
[-0.01, -0.09999999999999999, 0.38, 4.47]
going right
[355.0, 378.0, 0.01, 0.46, 369.0, 367.0, 0.0, -0.04, -0.32, -4.14]
[0.005, 0.21000000000000002, -0.64, -4.14]
Going left
[355.0, 365.0, -0.0, 0.2, 380.0, 385.0, -0.01, 0.1, 0.16, 4.76]
[-0.005, 0.15000000000000002, 0.32, 4.76]
going right
[371.0, 378.0, 0.01, 0.14, 376.0, 376.0, -0.01, 0.0, -0.33, -4.46]
[0.0, 0.07, -0.66, -4.46]
Going left
[355.0, 367.0, -0.0, 0.24, 376.0, 385.0, -0.01, 0.18, 0.16, 4.99]
[-0.005, 0.21, 0.32, 4.99]
going right
[360.0, 362.0, -0.01, 0.04, 376.0, 373.0, -0.0, -0.06, -0.62, -5.24]
[-0.005, -0.009999999999999998, -1.24, -5.24]
Going left
[358.0, 353.0, -0.02, -0.1, 380.0, 390.0, -0.02, 0.2, 1.28, 1.09]
[-0.02, 0.05, 2.56, 1.09]
going right
[351.0, 358.0, -0.01, 0.14, 367.0, 369.0, 0.0, 0.04, -0.91, -2.46]
[-0.005, 0.09000000000000001, -1.82, -2.46]
Going left
[360.0, 353.0, -0.02, -0.14, 383.0, 390.0, -0.02, 0.14, 1.22, 2.27]
[-0.02, 0.0, 2.44, 2.27]
going right
[365.0, 371.0, 0.0, 0.12, 367.0, 369.0, 0.0, 0.04, -0.93, -2.07]
[0.0, 0.08, -1.86, -2.07]
Going left
[360.0, 373.0, 0.0, 0.26, 392.0, 395.0, -0.03, 0.06, 1.2, 1.69]
[-0.015, 0.16, 2.4, 1.69]
going right
[351.0, 358.0, -0.01, 0.14, 371.0, 373.0, -0.0, 0.04, -0.8, -4.08]
[-0.005, 0.09000000000000001, -1.6, -4.08]
Going left
[351.0, 365.0, -0.0, 0.28, 380.0, 392.0, -0.02, 0.24, 0.85, 4.53]
[-0.01, 0.26, 1.7, 4.53]
going right
[353.0, 353.0, -0.02, 0.0, 380.0, 373.0, -0.0, -0.14, -0.81, -4.06]
[-0.01, -0.07, -1.62, -4.06]
Going left
[355.0, 353.0, -0.02, -0.04, 378.0, 380.0, -0.01, 0.04, 1.23, 1.14]
[-0.015, 0.0, 2.46, 1.14]
going right
[360.0, 367.0, -0.0, 0.14, 371.0, 378.0, -0.01, 0.14, -0.91, -1.89]
[-0.005, 0.14, -1.82, -1.89]
Going left
[351.0, 360.0, -0.01, 0.18, 380.0, 385.0, -0.01, 0.1, 0.92, 4.01]
[-0.01, 0.14, 1.84, 4.01]
going right
[348.0, 365.0, -0.0, 0.34, 385.0, 378.0, -0.01, -0.14, -0.58, -4.77]
[-0.005, 0.1, -1.16, -4.77]
Going left
[351.0, 373.0, 0.0, 0.44, 383.0, 395.0, -0.03, 0.24, 0.33, 5.26]
[-0.015, 0.33999999999999997, 0.66, 5.26]
going right
[355.0, 362.0, -0.01, 0.14, 371.0, 383.0, -0.01, 0.24, -0.95, -2.37]
[-0.01, 0.19, -1.9, -2.37]
Going left
[367.0, 355.0, -0.01, -0.24, 380.0, 388.0, -0.02, 0.16, 1.26, -1.14]
[-0.015, -0.039999999999999994, 2.52, -1.14]
going right
[367.0, 358.0, -0.01, -0.18, 371.0, 369.0, 0.0, -0.04, -0.91, -3.11]
[-0.005, -0.11, -1.82, -3.11]
Going left
[351.0, 360.0, -0.01, 0.18, 380.0, 388.0, -0.02, 0.16, 0.84, 4.37]
[-0.015, 0.16999999999999998, 1.68, 4.37]
going right
[367.0, 353.0, -0.02, -0.28, 376.0, 369.0, 0.0, -0.14, -0.89, -2.77]
[-0.01, -0.21000000000000002, -1.78, -2.77]
Going left
[351.0, 365.0, -0.0, 0.28, 392.0, 385.0, -0.01, -0.14, 1.21, -1.7]
[-0.005, 0.07, 2.42, -1.7]
going right
[360.0, 367.0, -0.0, 0.14, 371.0, 378.0, -0.01, 0.14, -0.89, -2.09]
[-0.005, 0.14, -1.78, -2.09]
Going left
[362.0, 351.0, -0.02, -0.22, 395.0, 385.0, -0.01, -0.2, 0.84, 4.18]
[-0.015, -0.21000000000000002, 1.68, 4.18]
going right
[351.0, 351.0, -0.02, 0.0, 373.0, 388.0, -0.02, 0.3, -0.33, -4.13]
[-0.02, 0.15, -0.66, -4.13]
Going left
[367.0, 369.0, -0.0, 0.04, 378.0, 380.0, -0.01, 0.04, 0.25, 4.75]
[-0.005, 0.04, 0.5, 4.75]
going right
[353.0, 351.0, -0.02, -0.04, 371.0, 383.0, -0.01, 0.24, -0.42, -5.05]
[-0.015, 0.09999999999999999, -0.84, -5.05]
Going left
[353.0, 351.0, -0.02, -0.04, 380.0, 385.0, -0.01, 0.1, 1.19, 3.21]
[-0.015, 0.030000000000000002, 2.38, 3.21]
going right
[355.0, 358.0, -0.01, 0.06, 371.0, 378.0, -0.01, 0.14, -0.96, 0.1]
[-0.01, 0.1, -1.92, 0.1]
Going left
[351.0, 365.0, -0.0, 0.28, 392.0, 397.0, -0.03, 0.1, 1.19, -1.61]
[-0.015, 0.19, 2.38, -1.61]
going right
[353.0, 371.0, 0.0, 0.36, 376.0, 371.0, -0.0, -0.1, -0.88, 0.28]
[0.0, 0.13, -1.76, 0.28]
Going left
[353.0, 351.0, -0.02, -0.04, 383.0, 392.0, -0.02, 0.18, 1.19, 1.3]
[-0.02, 0.06999999999999999, 2.38, 1.3]
going right
[353.0, 371.0, 0.0, 0.36, 376.0, 371.0, -0.0, -0.1, -0.86, -1.92]
[0.0, 0.13, -1.72, -1.92]
Going left
[353.0, 351.0, -0.02, -0.04, 388.0, 388.0, -0.02, 0.0, 1.21, 0.97]
[-0.02, -0.02, 2.42, 0.97]
going right
[353.0, 367.0, -0.0, 0.28, 376.0, 371.0, -0.0, -0.1, -0.88, -1.23]
[-0.0, 0.09000000000000001, -1.76, -1.23]
Going left
[358.0, 355.0, -0.01, -0.06, 383.0, 388.0, -0.02, 0.1, 1.1, 2.66]
[-0.015, 0.020000000000000004, 2.2, 2.66]
going right
[358.0, 351.0, -0.02, -0.14, 371.0, 371.0, -0.0, 0.0, -0.9, -1.02]
[-0.01, -0.07, -1.8, -1.02]
Going left
[353.0, 351.0, -0.02, -0.04, 388.0, 388.0, -0.02, 0.0, 1.19, 1.45]
[-0.02, -0.02, 2.38, 1.45]
going right
[353.0, 367.0, -0.0, 0.28, 380.0, 371.0, -0.0, -0.18, -0.87, -1.51]
[-0.0, 0.05000000000000002, -1.74, -1.51]
Going left
[353.0, 355.0, -0.01, 0.04, 378.0, 378.0, -0.01, 0.0, 1.14, 2.29]
[-0.01, 0.02, 2.28, 2.29]
going right
[358.0, 371.0, 0.0, 0.26, 390.0, 385.0, -0.01, -0.1, -0.87, -0.82]
[-0.005, 0.08, -1.74, -0.82]
Going left
[373.0, 351.0, -0.02, -0.44, 378.0, 378.0, -0.01, 0.0, 1.13, 1.59]
[-0.015, -0.22, 2.26, 1.59]
going right
[358.0, 367.0, -0.0, 0.18, 390.0, 373.0, -0.0, -0.34, -0.8, -1.83]
[-0.0, -0.08000000000000002, -1.6, -1.83]
Going left
[369.0, 355.0, -0.01, -0.28, 378.0, 390.0, -0.02, 0.24, 0.87, 3.24]
[-0.015, -0.020000000000000018, 1.74, 3.24]
going right
[362.0, 371.0, 0.0, 0.18, 373.0, 373.0, -0.0, 0.0, -0.52, -3.72]
[0.0, 0.09, -1.04, -3.72]
Going left
[365.0, 355.0, -0.01, -0.2, 378.0, 390.0, -0.02, 0.24, 0.28, 4.42]
[-0.015, 0.01999999999999999, 0.56, 4.42]
going right
[367.0, 376.0, 0.01, 0.18, 380.0, 376.0, -0.01, -0.08, -0.32, -3.76]
[0.0, 0.049999999999999996, -0.64, -3.76]
Going left
[360.0, 351.0, -0.02, -0.18, 378.0, 378.0, -0.01, 0.0, 0.08, 3.74]
[-0.015, -0.09, 0.16, 3.74]
going right
[371.0, 355.0, -0.01, -0.32, 371.0, 383.0, -0.01, 0.24, -0.23, -3.6]
[-0.01, -0.04000000000000001, -0.46, -3.6]
Going left
[353.0, 351.0, -0.02, -0.04, 388.0, 383.0, -0.01, -0.1, 0.11, 3.72]
[-0.015, -0.07, 0.22, 3.72]
going right
[367.0, 355.0, -0.01, -0.24, 367.0, 373.0, -0.0, 0.12, -0.25, -4.67]
[-0.005, -0.06, -0.5, -4.67]
Going left
[353.0, 351.0, -0.02, -0.04, 392.0, 388.0, -0.02, -0.08, 0.14, 4.75]
[-0.02, -0.06, 0.28, 4.75]
going right
[367.0, 351.0, -0.02, -0.32, 371.0, 373.0, -0.0, 0.04, -0.31, -4.32]
[-0.01, -0.14, -0.62, -4.32]
Going left
[358.0, 360.0, -0.01, 0.04, 378.0, 378.0, -0.01, 0.0, 0.17, 4.97]
[-0.01, 0.02, 0.34, 4.97]
going right
[362.0, 371.0, 0.0, 0.18, 380.0, 371.0, -0.0, -0.18, -0.28, -4.12]
[0.0, 0.0, -0.56, -4.12]
Going left
[365.0, 355.0, -0.01, -0.2, 395.0, 390.0, -0.02, -0.1, 0.12, 4.06]
[-0.015, -0.15000000000000002, 0.24, 4.06]
going right
[371.0, 351.0, -0.02, -0.4, 376.0, 371.0, -0.0, -0.1, -0.13, -3.31]
[-0.01, -0.25, -0.26, -3.31]
Going left
[360.0, 351.0, -0.02, -0.18, 378.0, 378.0, -0.01, 0.0, 0.01, 3.09]
[-0.015, -0.09, 0.02, 3.09]
going right
[367.0, 355.0, -0.01, -0.24, 371.0, 371.0, -0.0, 0.0, -0.03, -3.69]
[-0.005, -0.12, -0.06, -3.69]
Going left
[355.0, 367.0, -0.0, 0.24, 380.0, 392.0, -0.02, 0.24, -0.2, 2.05]
[-0.01, 0.24, -0.4, 2.05]
going right
[367.0, 360.0, -0.01, -0.14, 383.0, 369.0, 0.0, -0.28, -0.06, 1.06]
[-0.005, -0.21000000000000002, -0.12, 1.06]
going right
[362.0, 351.0, -0.02, -0.22, 380.0, 380.0, -0.01, 0.0, 0.0, -1.29]
[-0.015, -0.11, 0.0, -1.29]
Going left
[348.0, 371.0, 0.0, 0.46, 402.0, 402.0, -0.03, 0.0, 0.19, 1.35]
[-0.015, 0.23, 0.38, 1.35]
going right
[353.0, 348.0, -0.02, -0.1, 376.0, 371.0, -0.0, -0.1, -0.15, -2.89]
[-0.01, -0.1, -0.3, -2.89]
Going left
[351.0, 348.0, -0.02, -0.06, 395.0, 385.0, -0.01, -0.2, -0.1, 2.72]
[-0.015, -0.13, -0.2, 2.72]
going right
[351.0, 360.0, -0.01, 0.18, 367.0, 373.0, -0.0, 0.12, 0.5, -0.75]
[-0.005, 0.15, 1.0, -0.75]
going right
[353.0, 362.0, -0.01, 0.18, 380.0, 390.0, -0.02, 0.2, -0.08, -0.32]
[-0.015, 0.19, -0.16, -0.32]
Going left
[351.0, 348.0, -0.02, -0.06, 407.0, 402.0, -0.03, -0.1, 0.22, 2.19]
[-0.025, -0.08, 0.44, 2.19]
going right
[358.0, 348.0, -0.02, -0.2, 383.0, 367.0, 0.0, -0.32, -0.11, -1.76]
[-0.01, -0.26, -0.22, -1.76]
Going left
[355.0, 373.0, 0.0, 0.36, 378.0, 378.0, -0.01, 0.0, -0.09, 0.17]
[-0.005, 0.18, -0.18, 0.17]
going right
[367.0, 351.0, -0.02, -0.32, 371.0, 371.0, -0.0, 0.0, -0.2, -0.71]
[-0.01, -0.16, -0.4, -0.71]
Going left
[365.0, 351.0, -0.02, -0.28, 383.0, 378.0, -0.01, -0.1, -0.15, 0.85]
[-0.015, -0.19, -0.3, 0.85]
Going left
[367.0, 355.0, -0.01, -0.24, 371.0, 371.0, -0.0, 0.0, -0.0, 0.74]
[-0.005, -0.12, -0.0, 0.74]
going right
[367.0, 376.0, 0.01, 0.18, 376.0, 362.0, 0.01, -0.28, 0.01, 1.21]
[0.01, -0.05000000000000002, 0.02, 1.21]
going right
[376.0, 351.0, -0.02, -0.5, 378.0, 380.0, -0.01, 0.04, 0.25, 0.05]
[-0.015, -0.23, 0.5, 0.05]
going right
[351.0, 383.0, 0.01, 0.64, 390.0, 390.0, -0.02, 0.0, 0.2, -0.88]
[-0.005, 0.32, 0.4, -0.88]
going right
[365.0, 365.0, -0.0, 0.0, 390.0, 390.0, -0.02, 0.0, 0.25, 0.69]
[-0.01, 0.0, 0.5, 0.69]
going right
[365.0, 365.0, -0.0, 0.0, 390.0, 390.0, -0.02, 0.0, 0.25, 0.32]
[-0.01, 0.0, 0.5, 0.32]
going right
[365.0, 365.0, -0.0, 0.0, 390.0, 390.0, -0.02, 0.0, 0.22, -0.19]
[-0.01, 0.0, 0.44, -0.19]
going right
[365.0, 365.0, -0.0, 0.0, 390.0, 390.0, -0.02, 0.0, 0.19, -0.05]
[-0.01, 0.0, 0.38, -0.05]
going right
[365.0, 365.0, -0.0, 0.0, 390.0, 390.0, -0.02, 0.0, 0.2, -0.05]
[-0.01, 0.0, 0.4, -0.05]
going right
[365.0, 365.0, -0.0, 0.0, 390.0, 390.0, -0.02, 0.0, 0.2, -0.05]
[-0.01, 0.0, 0.4, -0.05]
going right
[365.0, 365.0, -0.0, 0.0, 390.0, 390.0, -0.02, 0.0, 0.21, -0.04]
[-0.01, 0.0, 0.42, -0.04]
going right
[360.0, 360.0, -0.01, 0.0, 390.0, 399.0, -0.03, 0.18, 0.14, -0.1]
[-0.02, 0.09, 0.28, -0.1]
going right
[348.0, 373.0, 0.0, 0.5, 409.0, 402.0, -0.03, -0.14, 0.33, 0.04]
[-0.015, 0.18, 0.66, 0.04]
going right
[348.0, 348.0, -0.02, 0.0, 411.0, 411.0, -0.04, 0.0, 0.2, -0.08]
[-0.03, 0.0, 0.4, -0.08]
going right
[348.0, 348.0, -0.02, 0.0, 411.0, 411.0, -0.04, 0.0, 0.2, -0.04]
[-0.03, 0.0, 0.4, -0.04]
going right
[348.0, 348.0, -0.02, 0.0, 411.0, 411.0, -0.04, 0.0, 0.2, -0.05]
[-0.03, 0.0, 0.4, -0.05]
going right
[348.0, 348.0, -0.02, 0.0, 411.0, 411.0, -0.04, 0.0, 0.19, -0.05]
[-0.03, 0.0, 0.38, -0.05]
going right
[348.0, 348.0, -0.02, 0.0, 411.0, 411.0, -0.04, 0.0, 0.2, -0.04]
[-0.03, 0.0, 0.4, -0.04]
going right
[348.0, 348.0, -0.02, 0.0, 411.0, 411.0, -0.04, 0.0, 0.2, -0.05]
[-0.03, 0.0, 0.4, -0.05]
going right
[348.0, 348.0, -0.02, 0.0, 411.0, 411.0, -0.04, 0.0, 0.2, -0.04]
[-0.03, 0.0, 0.4, -0.04]
going right
[348.0, 348.0, -0.02, 0.0, 411.0, 411.0, -0.04, 0.0, 0.2, -0.04]
[-0.03, 0.0, 0.4, -0.04]
going right
[348.0, 348.0, -0.02, 0.0, 411.0, 411.0, -0.04, 0.0, 0.2, -0.05]
[-0.03, 0.0, 0.4, -0.05]
going right
[348.0, 348.0, -0.02, 0.0, 411.0, 411.0, -0.04, 0.0, 0.2, -0.04]
[-0.03, 0.0, 0.4, -0.04]
going right
[348.0, 348.0, -0.02, 0.0, 411.0, 411.0, -0.04, 0.0, 0.2, -0.05]
[-0.03, 0.0, 0.4, -0.05]
going right
[348.0, 348.0, -0.02, 0.0, 411.0, 411.0, -0.04, 0.0, 0.2, -0.04]
[-0.03, 0.0, 0.4, -0.04]
going right
[348.0, 348.0, -0.02, 0.0, 411.0, 411.0, -0.04, 0.0, 0.2, -0.05]
[-0.03, 0.0, 0.4, -0.05]
going right
[348.0, 348.0, -0.02, 0.0, 411.0, 411.0, -0.04, 0.0, 0.2, -0.04]
[-0.03, 0.0, 0.4, -0.04]
going right
[348.0, 348.0, -0.02, 0.0, 411.0, 411.0, -0.04, 0.0, 0.2, -0.05]
[-0.03, 0.0, 0.4, -0.05]
going right
[348.0, 348.0, -0.02, 0.0, 411.0, 411.0, -0.04, 0.0, 0.2, -0.04]
[-0.03, 0.0, 0.4, -0.04]
going right
[348.0, 348.0, -0.02, 0.0, 411.0, 411.0, -0.04, 0.0, 0.2, -0.05]
[-0.03, 0.0, 0.4, -0.05]
going right
[348.0, 348.0, -0.02, 0.0, 411.0, 411.0, -0.04, 0.0, 0.2, -0.05]
[-0.03, 0.0, 0.4, -0.05]
going right
[348.0, 348.0, -0.02, 0.0, 411.0, 411.0, -0.04, 0.0, 0.2, -0.05]
[-0.03, 0.0, 0.4, -0.05]
going right
[348.0, 348.0, -0.02, 0.0, 411.0, 411.0, -0.04, 0.0, 0.2, -0.04]
[-0.03, 0.0, 0.4, -0.04]
going right
[348.0, 348.0, -0.02, 0.0, 411.0, 411.0, -0.04, 0.0, 0.2, -0.05]
[-0.03, 0.0, 0.4, -0.05]
going right
[348.0, 348.0, -0.02, 0.0, 411.0, 411.0, -0.04, 0.0, 0.2, -0.05]
[-0.03, 0.0, 0.4, -0.05]
going right
[348.0, 348.0, -0.02, 0.0, 411.0, 411.0, -0.04, 0.0, 0.2, -0.04]
[-0.03, 0.0, 0.4, -0.04]
going right
[348.0, 348.0, -0.02, 0.0, 411.0, 411.0, -0.04, 0.0, 0.2, -0.05]
[-0.03, 0.0, 0.4, -0.05]
going right
[348.0, 348.0, -0.02, 0.0, 411.0, 411.0, -0.04, 0.0, 0.2, -0.05]
[-0.03, 0.0, 0.4, -0.05]
going right
[348.0, 348.0, -0.02, 0.0, 411.0, 411.0, -0.04, 0.0, 0.2, -0.05]
[-0.03, 0.0, 0.4, -0.05]
going right
[348.0, 348.0, -0.02, 0.0, 411.0, 411.0, -0.04, 0.0, 0.2, -0.05]
[-0.03, 0.0, 0.4, -0.05]
going right
[348.0, 348.0, -0.02, 0.0, 411.0, 411.0, -0.04, 0.0, 0.2, -0.05]
[-0.03, 0.0, 0.4, -0.05]
going right
[348.0, 348.0, -0.02, 0.0, 411.0, 411.0, -0.04, 0.0, 0.2, -0.04]
[-0.03, 0.0, 0.4, -0.04]
going right
[348.0, 348.0, -0.02, 0.0, 411.0, 411.0, -0.04, 0.0, 0.2, -0.05]
[-0.03, 0.0, 0.4, -0.05]
going right
[348.0, 348.0, -0.02, 0.0, 411.0, 411.0, -0.04, 0.0, 0.2, -0.04]
[-0.03, 0.0, 0.4, -0.04]
going right
[348.0, 348.0, -0.02, 0.0, 411.0, 411.0, -0.04, 0.0, 0.2, -0.05]
[-0.03, 0.0, 0.4, -0.05]
going right
[348.0, 348.0, -0.02, 0.0, 411.0, 411.0, -0.04, 0.0, 0.2, -0.05]
[-0.03, 0.0, 0.4, -0.05]
going right
[348.0, 348.0, -0.02, 0.0, 411.0, 411.0, -0.04, 0.0, 0.2, -0.05]
[-0.03, 0.0, 0.4, -0.05]
going right
[348.0, 348.0, -0.02, 0.0, 411.0, 411.0, -0.04, 0.0, 0.2, -0.04]
[-0.03, 0.0, 0.4, -0.04]
going right
[348.0, 348.0, -0.02, 0.0, 411.0, 411.0, -0.04, 0.0, 0.2, -0.05]
[-0.03, 0.0, 0.4, -0.05]
going right
[348.0, 348.0, -0.02, 0.0, 411.0, 411.0, -0.04, 0.0, 0.2, -0.04]
[-0.03, 0.0, 0.4, -0.04]
going right
[348.0, 348.0, -0.02, 0.0, 411.0, 411.0, -0.04, 0.0, 0.2, -0.05]
[-0.03, 0.0, 0.4, -0.05]
going right
[348.0, 348.0, -0.02, 0.0, 411.0, 411.0, -0.04, 0.0, 0.2, -0.04]
[-0.03, 0.0, 0.4, -0.04]
going right
[348.0, 348.0, -0.02, 0.0, 411.0, 411.0, -0.04, 0.0, 0.2, -0.05]
[-0.03, 0.0, 0.4, -0.05]
going right
[348.0, 348.0, -0.02, 0.0, 411.0, 411.0, -0.04, 0.0, 0.2, -0.05]
[-0.03, 0.0, 0.4, -0.05]
going right
[348.0, 348.0, -0.02, 0.0, 411.0, 411.0, -0.04, 0.0, 0.2, -0.04]
[-0.03, 0.0, 0.4, -0.04]
going right
[348.0, 348.0, -0.02, 0.0, 411.0, 411.0, -0.04, 0.0, 0.2, -0.05]
[-0.03, 0.0, 0.4, -0.05]
going right
[348.0, 348.0, -0.02, 0.0, 411.0, 411.0, -0.04, 0.0, 0.2, -0.04]
[-0.03, 0.0, 0.4, -0.04]
going right
[348.0, 348.0, -0.02, 0.0, 411.0, 411.0, -0.04, 0.0, 0.2, -0.05]
[-0.03, 0.0, 0.4, -0.05]
going right
[348.0, 348.0, -0.02, 0.0, 411.0, 411.0, -0.04, 0.0, 0.2, -0.04]
[-0.03, 0.0, 0.4, -0.04]
going right
[348.0, 348.0, -0.02, 0.0, 411.0, 411.0, -0.04, 0.0, 0.2, -0.05]
[-0.03, 0.0, 0.4, -0.05]
going right
[348.0, 348.0, -0.02, 0.0, 411.0, 411.0, -0.04, 0.0, 0.2, -0.04]
[-0.03, 0.0, 0.4, -0.04]



gracek1459@gracek1459-desktop:~/Documents/L46/L46_sim2Real/raspi_code$ sudo python full_hardware_code_w_arduino.py 
[348.0, 348.0, -0.02, 0.0, 407.0, 407.0, -0.04, 0.0, -0.06, -0.05]
Going left
[348.0, 348.0, -0.02, 0.0, 407.0, 407.0, -0.04, 0.0, -0.06, -0.04]
[-0.03, 0.0, -0.12, -0.04]
Going left
[348.0, 348.0, -0.02, 0.0, 407.0, 407.0, -0.04, 0.0, -0.06, -0.04]
[-0.03, 0.0, -0.12, -0.04]
Going left
[348.0, 348.0, -0.02, 0.0, 407.0, 407.0, -0.04, 0.0, -0.06, -0.05]
[-0.03, 0.0, -0.12, -0.05]
Going left
[348.0, 348.0, -0.02, 0.0, 407.0, 407.0, -0.04, 0.0, -0.06, -0.05]
[-0.03, 0.0, -0.12, -0.05]
Going left
[348.0, 348.0, -0.02, 0.0, 407.0, 407.0, -0.04, 0.0, -0.06, -0.05]
[-0.03, 0.0, -0.12, -0.05]
Going left
[348.0, 348.0, -0.02, 0.0, 407.0, 407.0, -0.04, 0.0, -0.06, -0.05]
[-0.03, 0.0, -0.12, -0.05]
Going left
[348.0, 348.0, -0.02, 0.0, 407.0, 407.0, -0.04, 0.0, -0.06, -0.05]
[-0.03, 0.0, -0.12, -0.05]
Going left
[348.0, 348.0, -0.02, 0.0, 407.0, 407.0, -0.04, 0.0, -0.06, -0.04]
[-0.03, 0.0, -0.12, -0.04]
Going left
[348.0, 348.0, -0.02, 0.0, 407.0, 407.0, -0.04, 0.0, -0.06, -0.04]
[-0.03, 0.0, -0.12, -0.04]
Going left
[348.0, 348.0, -0.02, 0.0, 407.0, 407.0, -0.04, 0.0, -0.06, -0.05]
[-0.03, 0.0, -0.12, -0.05]
Going left
[348.0, 348.0, -0.02, 0.0, 407.0, 407.0, -0.04, 0.0, -0.06, -0.05]
[-0.03, 0.0, -0.12, -0.05]
Going left
[348.0, 348.0, -0.02, 0.0, 407.0, 407.0, -0.04, 0.0, -0.06, -0.04]
[-0.03, 0.0, -0.12, -0.04]
Going left
[348.0, 348.0, -0.02, 0.0, 407.0, 407.0, -0.04, 0.0, -0.06, -0.05]
[-0.03, 0.0, -0.12, -0.05]
Going left
[348.0, 348.0, -0.02, 0.0, 407.0, 407.0, -0.04, 0.0, -0.06, -0.05]
[-0.03, 0.0, -0.12, -0.05]
Going left
[348.0, 348.0, -0.02, 0.0, 407.0, 407.0, -0.04, 0.0, -0.06, -0.04]
[-0.03, 0.0, -0.12, -0.04]
Going left
[348.0, 348.0, -0.02, 0.0, 407.0, 407.0, -0.04, 0.0, 0.05, 0.85]
[-0.03, 0.0, 0.1, 0.85]
going right
[353.0, 351.0, -0.02, -0.04, 380.0, 376.0, -0.01, -0.08, 0.42, -2.26]
[-0.015, -0.06, 0.84, -2.26]
Going left
[373.0, 376.0, 0.01, 0.06, 348.0, 351.0, 0.02, 0.06, 0.03, -0.18]
[0.015, 0.06, 0.06, -0.18]
going right
[438.0, 436.0, 0.07, -0.04, 330.0, 330.0, 0.04, 0.0, -0.36, -0.72]
[0.05500000000000001, -0.02, -0.72, -0.72]
Going left
[420.0, 418.0, 0.05, -0.04, 343.0, 348.0, 0.02, 0.1, 0.08, 0.12]
[0.035, 0.030000000000000002, 0.16, 0.12]
going right
[380.0, 390.0, 0.02, 0.2, 348.0, 358.0, 0.01, 0.2, -0.16, 1.25]
[0.015, 0.2, -0.32, 1.25]
going right
[380.0, 390.0, 0.02, 0.2, 362.0, 371.0, -0.0, 0.18, 0.09, -0.78]
[0.01, 0.19, 0.18, -0.78]
Going left
[348.0, 351.0, -0.02, 0.06, 422.0, 445.0, -0.08, 0.46, 0.69, 3.97]
[-0.05, 0.26, 1.38, 3.97]
going right
[322.0, 314.0, -0.06, -0.16, 434.0, 438.0, -0.07, 0.08, -0.28, -3.24]
[-0.065, -0.04, -0.56, -3.24]
Going left
[317.0, 319.0, -0.05, 0.04, 445.0, 458.0, -0.09, 0.26, 0.18, 3.41]
[-0.07, 0.15, 0.36, 3.41]
going right
[314.0, 319.0, -0.05, 0.1, 447.0, 432.0, -0.06, -0.3, -0.47, -5.07]
[-0.055, -0.09999999999999999, -0.94, -5.07]
Going left
[317.0, 327.0, -0.04, 0.2, 448.0, 442.0, -0.07, -0.12, 0.37, 5.91]
[-0.05500000000000001, 0.04000000000000001, 0.74, 5.91]
going right
[311.0, 324.0, -0.05, 0.26, 442.0, 430.0, -0.06, -0.24, -0.94, -0.97]
[-0.055, 0.010000000000000009, -1.88, -0.97]
Going left
[338.0, 314.0, -0.06, -0.48, 436.0, 445.0, -0.08, 0.18, 0.32, 3.42]
[-0.07, -0.15, 0.64, 3.42]
going right
[322.0, 314.0, -0.06, -0.16, 438.0, 440.0, -0.07, 0.04, -0.57, -5.57]
[-0.065, -0.06, -1.14, -5.57]
Going left
[330.0, 322.0, -0.05, -0.16, 436.0, 448.0, -0.08, 0.24, 1.16, 3.54]
[-0.065, 0.039999999999999994, 2.32, 3.54]
going right
[317.0, 322.0, -0.05, 0.1, 438.0, 430.0, -0.06, -0.16, -0.47, -4.32]
[-0.055, -0.03, -0.94, -4.32]
Going left
[324.0, 324.0, -0.05, 0.0, 445.0, 438.0, -0.07, -0.14, 0.2, 5.0]
[-0.060000000000000005, -0.07, 0.4, 5.0]
going right
[324.0, 332.0, -0.04, 0.16, 434.0, 432.0, -0.06, -0.04, -0.89, -2.94]
[-0.05, 0.06, -1.78, -2.94]
Going left
[324.0, 324.0, -0.05, 0.0, 447.0, 454.0, -0.08, 0.14, 0.7, 4.48]
[-0.065, 0.07, 1.4, 4.48]
going right
[319.0, 324.0, -0.05, 0.1, 430.0, 440.0, -0.07, 0.2, -0.42, -4.66]
[-0.060000000000000005, 0.15000000000000002, -0.84, -4.66]
Going left
[330.0, 322.0, -0.05, -0.16, 436.0, 445.0, -0.08, 0.18, 0.9, 5.08]
[-0.065, 0.009999999999999995, 1.8, 5.08]
going right
[327.0, 327.0, -0.04, 0.0, 434.0, 432.0, -0.06, -0.04, -0.81, -3.41]
[-0.05, -0.02, -1.62, -3.41]
Going left
[330.0, 317.0, -0.05, -0.26, 436.0, 452.0, -0.08, 0.32, 0.3, 4.45]
[-0.065, 0.03, 0.6, 4.45]
going right
[319.0, 327.0, -0.04, 0.16, 434.0, 432.0, -0.06, -0.04, -0.81, -4.17]
[-0.05, 0.06, -1.62, -4.17]
Going left
[319.0, 324.0, -0.05, 0.1, 447.0, 454.0, -0.08, 0.14, 0.74, 4.6]
[-0.065, 0.12000000000000001, 1.48, 4.6]
going right
[324.0, 330.0, -0.04, 0.12, 430.0, 436.0, -0.07, 0.12, -0.39, -5.07]
[-0.05500000000000001, 0.12, -0.78, -5.07]
Going left
[330.0, 322.0, -0.05, -0.16, 436.0, 438.0, -0.07, 0.04, 1.09, 4.15]
[-0.060000000000000005, -0.06, 2.18, 4.15]
going right
[319.0, 327.0, -0.04, 0.16, 434.0, 432.0, -0.06, -0.04, -0.77, -3.66]
[-0.05, 0.06, -1.54, -3.66]
Going left
[324.0, 311.0, -0.06, -0.26, 447.0, 440.0, -0.07, -0.14, 0.42, 4.61]
[-0.065, -0.2, 0.84, 4.61]
going right
[317.0, 322.0, -0.05, 0.1, 430.0, 432.0, -0.06, 0.04, -0.74, -4.83]
[-0.055, 0.07, -1.48, -4.83]
Going left
[324.0, 317.0, -0.05, -0.14, 436.0, 445.0, -0.08, 0.18, 0.61, 4.69]
[-0.065, 0.01999999999999999, 1.22, 4.69]
going right
[322.0, 322.0, -0.05, 0.0, 434.0, 432.0, -0.06, -0.04, -0.42, -4.54]
[-0.055, -0.02, -0.84, -4.54]
Going left
[324.0, 317.0, -0.05, -0.14, 436.0, 448.0, -0.08, 0.24, 1.05, 4.22]
[-0.065, 0.04999999999999999, 2.1, 4.22]
going right
[314.0, 327.0, -0.04, 0.26, 430.0, 432.0, -0.06, 0.04, -0.79, -4.06]
[-0.05, 0.15, -1.58, -4.06]
Going left
[324.0, 324.0, -0.05, 0.0, 440.0, 445.0, -0.08, 0.1, 0.66, 4.68]
[-0.065, 0.05, 1.32, 4.68]
going right
[322.0, 322.0, -0.05, 0.0, 430.0, 432.0, -0.06, 0.04, -0.72, -4.51]
[-0.055, 0.02, -1.44, -4.51]
Going left
[324.0, 317.0, -0.05, -0.14, 440.0, 445.0, -0.08, 0.1, 0.82, 4.79]
[-0.065, -0.020000000000000004, 1.64, 4.79]
going right
[322.0, 322.0, -0.05, 0.0, 430.0, 432.0, -0.06, 0.04, -0.81, -4.04]
[-0.055, 0.02, -1.62, -4.04]
Going left
[319.0, 324.0, -0.05, 0.1, 450.0, 445.0, -0.08, -0.1, 0.63, 4.55]
[-0.065, 0.0, 1.26, 4.55]
going right
[317.0, 322.0, -0.05, 0.1, 445.0, 432.0, -0.06, -0.26, -0.31, -3.12]
[-0.055, -0.08, -0.62, -3.12]
Going left
[335.0, 327.0, -0.04, -0.16, 434.0, 442.0, -0.07, 0.16, 0.09, 4.7]
[-0.05500000000000001, 0.0, 0.18, 4.7]
going right
[330.0, 319.0, -0.05, -0.22, 445.0, 445.0, -0.08, 0.0, -0.79, -4.97]
[-0.065, -0.11, -1.58, -4.97]
Going left
[322.0, 327.0, -0.04, 0.1, 445.0, 454.0, -0.08, 0.18, 1.17, 3.19]
[-0.06, 0.14, 2.34, 3.19]
going right
[311.0, 311.0, -0.06, 0.0, 445.0, 440.0, -0.07, -0.1, -0.47, -3.84]
[-0.065, -0.05, -0.94, -3.84]
Going left
[319.0, 322.0, -0.05, 0.06, 445.0, 442.0, -0.07, -0.06, 0.23, 4.51]
[-0.060000000000000005, 0.0, 0.46, 4.51]
going right
[322.0, 324.0, -0.05, 0.04, 434.0, 442.0, -0.07, 0.16, -0.82, -3.81]
[-0.060000000000000005, 0.1, -1.64, -3.81]
Going left
[319.0, 319.0, -0.05, 0.0, 448.0, 452.0, -0.08, 0.08, 0.46, 4.44]
[-0.065, 0.04, 0.92, 4.44]
going right
[317.0, 317.0, -0.05, 0.0, 438.0, 438.0, -0.07, 0.0, -0.47, -4.76]
[-0.060000000000000005, 0.0, -0.94, -4.76]
Going left
[330.0, 314.0, -0.06, -0.32, 445.0, 447.0, -0.08, 0.04, 0.85, 4.89]
[-0.07, -0.14, 1.7, 4.89]
going right
[317.0, 319.0, -0.05, 0.04, 445.0, 434.0, -0.06, -0.22, -0.91, -1.31]
[-0.055, -0.09, -1.82, -1.31]
Going left
[322.0, 309.0, -0.06, -0.26, 445.0, 450.0, -0.08, 0.1, 0.42, 3.95]
[-0.07, -0.08, 0.84, 3.95]
going right
[311.0, 324.0, -0.05, 0.26, 436.0, 442.0, -0.07, 0.12, -0.42, -4.15]
[-0.060000000000000005, 0.19, -0.84, -4.15]
Going left
[322.0, 317.0, -0.05, -0.1, 448.0, 440.0, -0.07, -0.16, 0.22, 4.83]
[-0.060000000000000005, -0.13, 0.44, 4.83]
going right
[319.0, 319.0, -0.05, 0.0, 432.0, 432.0, -0.06, 0.0, -0.79, -4.65]
[-0.055, 0.0, -1.58, -4.65]
Going left
[338.0, 335.0, -0.03, -0.06, 432.0, 430.0, -0.06, -0.04, 0.5, 4.81]
[-0.045, -0.05, 1.0, 4.81]
going right
[330.0, 335.0, -0.03, 0.1, 424.0, 409.0, -0.04, -0.3, -0.47, -3.65]
[-0.035, -0.09999999999999999, -0.94, -3.65]
Going left
[353.0, 351.0, -0.02, -0.04, 422.0, 416.0, -0.05, -0.12, 0.11, 5.04]
[-0.035, -0.08, 0.22, 5.04]
going right
[348.0, 362.0, -0.01, 0.28, 399.0, 404.0, -0.03, 0.1, -0.77, -5.39]
[-0.02, 0.19, -1.54, -5.39]
Going left
[351.0, 365.0, -0.0, 0.28, 404.0, 407.0, -0.04, 0.06, 1.29, 1.51]
[-0.02, 0.17, 2.58, 1.51]
going right
[369.0, 351.0, -0.02, -0.36, 397.0, 402.0, -0.03, 0.1, -0.87, 0.21]
[-0.025, -0.13, -1.74, 0.21]
Going left
[351.0, 371.0, 0.0, 0.4, 395.0, 395.0, -0.03, 0.0, 0.15, 2.86]
[-0.015, 0.2, 0.3, 2.86]
going right
[360.0, 358.0, -0.01, -0.04, 388.0, 378.0, -0.01, -0.2, -0.15, -4.0]
[-0.01, -0.12000000000000001, -0.3, -4.0]
Going left
[348.0, 376.0, 0.01, 0.56, 402.0, 385.0, -0.01, -0.34, 0.15, 4.59]
[0.0, 0.11000000000000001, 0.3, 4.59]
going right
[353.0, 355.0, -0.01, 0.04, 373.0, 383.0, -0.01, 0.2, -0.39, -5.27]
[-0.01, 0.12000000000000001, -0.78, -5.27]
Going left
[348.0, 348.0, -0.02, 0.0, 402.0, 388.0, -0.02, -0.28, 1.07, 5.71]
[-0.02, -0.14, 2.14, 5.71]
going right
[348.0, 365.0, -0.0, 0.34, 380.0, 373.0, -0.0, -0.14, -1.02, -0.11]
[-0.0, 0.1, -2.04, -0.11]
Going left
[355.0, 388.0, 0.02, 0.66, 397.0, 395.0, -0.03, -0.04, 1.06, -3.21]
[-0.004999999999999999, 0.31, 2.12, -3.21]
going right
[355.0, 367.0, -0.0, 0.24, 388.0, 371.0, -0.0, -0.34, -0.76, -3.57]
[-0.0, -0.05000000000000002, -1.52, -3.57]
Going left
[358.0, 348.0, -0.02, -0.2, 402.0, 399.0, -0.03, -0.06, 0.28, 5.27]
[-0.025, -0.13, 0.56, 5.27]
going right
[351.0, 353.0, -0.02, 0.04, 376.0, 385.0, -0.01, 0.18, -0.84, -4.67]
[-0.015, 0.11, -1.68, -4.67]
Going left
[360.0, 369.0, -0.0, 0.18, 392.0, 385.0, -0.01, -0.14, 1.27, -1.63]
[-0.005, 0.01999999999999999, 2.54, -1.63]
going right
[355.0, 358.0, -0.01, 0.06, 376.0, 380.0, -0.01, 0.08, -0.96, -0.88]
[-0.01, 0.07, -1.92, -0.88]
Going left
[360.0, 355.0, -0.01, -0.1, 385.0, 395.0, -0.03, 0.2, 0.8, 4.34]
[-0.02, 0.05, 1.6, 4.34]
going right
[351.0, 358.0, -0.01, 0.14, 376.0, 376.0, -0.01, 0.0, -0.84, -4.06]
[-0.01, 0.07, -1.68, -4.06]
Going left
[365.0, 392.0, 0.02, 0.54, 392.0, 385.0, -0.01, -0.14, 1.27, 1.23]
[0.005, 0.2, 2.54, 1.23]
going right
[355.0, 353.0, -0.02, -0.04, 376.0, 373.0, -0.0, -0.06, -0.95, 0.44]
[-0.01, -0.05, -1.9, 0.44]
Going left
[371.0, 351.0, -0.02, -0.4, 385.0, 390.0, -0.02, 0.1, 1.18, -1.09]
[-0.02, -0.15000000000000002, 2.36, -1.09]
going right
[355.0, 362.0, -0.01, 0.14, 388.0, 371.0, -0.0, -0.34, -0.4, -3.95]
[-0.005, -0.1, -0.8, -3.95]
Going left
[360.0, 365.0, -0.0, 0.1, 385.0, 388.0, -0.02, 0.06, 0.27, 5.17]
[-0.01, 0.08, 0.54, 5.17]
going right
[376.0, 348.0, -0.02, -0.56, 380.0, 373.0, -0.0, -0.14, -0.92, -4.75]
[-0.01, -0.35000000000000003, -1.84, -4.75]
Going left
[351.0, 365.0, -0.0, 0.28, 388.0, 402.0, -0.03, 0.28, 1.06, -3.46]
[-0.015, 0.28, 2.12, -3.46]
going right
[365.0, 362.0, -0.01, -0.06, 376.0, 373.0, -0.0, -0.06, -0.94, -0.19]
[-0.005, -0.06, -1.88, -0.19]
Going left
[351.0, 351.0, -0.02, 0.0, 385.0, 399.0, -0.03, 0.28, 0.47, 4.57]
[-0.025, 0.14, 0.94, 4.57]
going right
[351.0, 353.0, -0.02, 0.04, 376.0, 380.0, -0.01, 0.08, -0.62, -4.93]
[-0.015, 0.06, -1.24, -4.93]
Going left
[365.0, 348.0, -0.02, -0.34, 392.0, 385.0, -0.01, -0.14, 1.09, 4.28]
[-0.015, -0.24000000000000002, 2.18, 4.28]
going right
[360.0, 358.0, -0.01, -0.04, 376.0, 373.0, -0.0, -0.06, -1.01, -0.27]
[-0.005, -0.05, -2.02, -0.27]
Going left
[351.0, 351.0, -0.02, 0.0, 385.0, 385.0, -0.01, 0.0, 1.21, -0.95]
[-0.015, 0.0, 2.42, -0.95]
going right
[355.0, 358.0, -0.01, 0.06, 376.0, 390.0, -0.02, 0.28, -0.66, -4.3]
[-0.015, 0.17, -1.32, -4.3]
Going left
[351.0, 360.0, -0.01, 0.18, 385.0, 399.0, -0.03, 0.28, 0.33, 5.14]
[-0.02, 0.23, 0.66, 5.14]
going right
[351.0, 348.0, -0.02, -0.06, 380.0, 373.0, -0.0, -0.14, -0.83, -4.74]
[-0.01, -0.1, -1.66, -4.74]
Going left
[351.0, 369.0, -0.0, 0.36, 388.0, 397.0, -0.03, 0.18, 1.24, -1.46]
[-0.015, 0.27, 2.48, -1.46]
going right
[365.0, 362.0, -0.01, -0.06, 376.0, 373.0, -0.0, -0.06, -0.95, -1.15]
[-0.005, -0.06, -1.9, -1.15]
Going left
[351.0, 351.0, -0.02, 0.0, 385.0, 385.0, -0.01, 0.0, 1.05, 3.43]
[-0.015, 0.0, 2.1, 3.43]
going right
[360.0, 362.0, -0.01, 0.04, 376.0, 380.0, -0.01, 0.08, -0.8, -4.1]
[-0.01, 0.06, -1.6, -4.1]
Going left
[365.0, 392.0, 0.02, 0.54, 392.0, 385.0, -0.01, -0.14, 1.21, 2.96]
[0.005, 0.2, 2.42, 2.96]
going right
[369.0, 358.0, -0.01, -0.22, 376.0, 373.0, -0.0, -0.06, -0.97, 0.2]
[-0.005, -0.14, -1.94, 0.2]
Going left
[371.0, 351.0, -0.02, -0.4, 385.0, 385.0, -0.01, 0.0, 1.19, -1.38]
[-0.015, -0.2, 2.38, -1.38]
going right
[360.0, 362.0, -0.01, 0.04, 392.0, 380.0, -0.01, -0.24, -0.42, -4.12]
[-0.01, -0.09999999999999999, -0.84, -4.12]
Going left
[355.0, 365.0, -0.0, 0.2, 385.0, 395.0, -0.03, 0.2, 0.25, 5.42]
[-0.015, 0.2, 0.5, 5.42]
going right
[365.0, 353.0, -0.02, -0.24, 376.0, 390.0, -0.02, 0.28, -0.89, -4.63]
[-0.02, 0.020000000000000018, -1.78, -4.63]
Going left
[351.0, 360.0, -0.01, 0.18, 392.0, 397.0, -0.03, 0.1, 1.24, -1.58]
[-0.02, 0.14, 2.48, -1.58]
going right
[360.0, 358.0, -0.01, -0.04, 376.0, 378.0, -0.01, 0.04, -0.94, -0.76]
[-0.01, 0.0, -1.88, -0.76]
Going left
[351.0, 355.0, -0.01, 0.08, 385.0, 385.0, -0.01, 0.0, 0.98, 3.7]
[-0.01, 0.04, 1.96, 3.7]
going right
[365.0, 358.0, -0.01, -0.14, 376.0, 380.0, -0.01, 0.08, -0.88, -3.94]
[-0.01, -0.030000000000000006, -1.76, -3.94]
Going left
[355.0, 369.0, -0.0, 0.28, 397.0, 397.0, -0.03, 0.0, 1.22, 1.87]
[-0.015, 0.14, 2.44, 1.87]
going right
[365.0, 358.0, -0.01, -0.14, 385.0, 392.0, -0.02, 0.14, -0.96, 0.46]
[-0.015, 0.0, -1.92, 0.46]
Going left
[358.0, 351.0, -0.02, -0.14, 402.0, 397.0, -0.03, -0.1, 1.19, -1.28]
[-0.025, -0.12000000000000001, 2.38, -1.28]
going right
[388.0, 371.0, 0.0, -0.34, 388.0, 385.0, -0.01, -0.06, -0.64, -3.82]
[-0.005, -0.2, -1.28, -3.82]
Going left
[351.0, 360.0, -0.01, 0.18, 385.0, 395.0, -0.03, 0.2, 0.29, 4.67]
[-0.02, 0.19, 0.58, 4.67]
going right
[351.0, 388.0, 0.02, 0.74, 390.0, 378.0, -0.01, -0.24, -0.71, -4.84]
[0.005, 0.25, -1.42, -4.84]
Going left
[367.0, 355.0, -0.01, -0.24, 392.0, 392.0, -0.02, 0.0, 1.25, -0.6]
[-0.015, -0.12, 2.5, -0.6]
going right
[373.0, 362.0, -0.01, -0.22, 376.0, 383.0, -0.01, 0.14, -0.92, -1.23]
[-0.01, -0.039999999999999994, -1.84, -1.23]
Going left
[367.0, 351.0, -0.02, -0.32, 385.0, 399.0, -0.03, 0.28, 0.76, 4.17]
[-0.025, -0.01999999999999999, 1.52, 4.17]
going right
[351.0, 353.0, -0.02, 0.04, 376.0, 373.0, -0.0, -0.06, -0.8, -4.19]
[-0.01, -0.009999999999999998, -1.6, -4.19]
Going left
[371.0, 355.0, -0.01, -0.32, 397.0, 385.0, -0.01, -0.24, 1.21, 1.59]
[-0.01, -0.28, 2.42, 1.59]
going right
[365.0, 362.0, -0.01, -0.06, 376.0, 373.0, -0.0, -0.06, -0.91, -0.81]
[-0.005, -0.06, -1.82, -0.81]
Going left
[371.0, 351.0, -0.02, -0.4, 385.0, 385.0, -0.01, 0.0, 1.22, 0.93]
[-0.015, -0.2, 2.44, 0.93]
going right
[360.0, 358.0, -0.01, -0.04, 376.0, 373.0, -0.0, -0.06, -0.84, -3.73]
[-0.005, -0.05, -1.68, -3.73]
Going left
[351.0, 355.0, -0.01, 0.08, 402.0, 385.0, -0.01, -0.34, 1.04, 3.73]
[-0.01, -0.13, 2.08, 3.73]
going right
[365.0, 358.0, -0.01, -0.14, 376.0, 373.0, -0.0, -0.06, -0.95, -2.79]
[-0.005, -0.1, -1.9, -2.79]
Going left
[353.0, 348.0, -0.02, -0.1, 397.0, 385.0, -0.01, -0.24, 0.97, 4.32]
[-0.015, -0.16999999999999998, 1.94, 4.32]
going right
[388.0, 362.0, -0.01, -0.52, 376.0, 378.0, -0.01, 0.04, -0.94, -1.86]
[-0.01, -0.24000000000000002, -1.88, -1.86]
Going left
[351.0, 351.0, -0.02, 0.0, 397.0, 397.0, -0.03, 0.0, 1.23, 0.13]
[-0.025, 0.0, 2.46, 0.13]
going right
[369.0, 362.0, -0.01, -0.14, 376.0, 373.0, -0.0, -0.06, -0.8, -3.4]
[-0.005, -0.1, -1.6, -3.4]
Going left
[351.0, 355.0, -0.01, 0.08, 385.0, 385.0, -0.01, 0.0, 0.99, 4.02]
[-0.01, 0.04, 1.98, 4.02]
going right
[369.0, 362.0, -0.01, -0.14, 376.0, 373.0, -0.0, -0.06, -0.92, -3.23]
[-0.005, -0.1, -1.84, -3.23]
Going left
[351.0, 360.0, -0.01, 0.18, 392.0, 397.0, -0.03, 0.1, 1.25, -0.15]
[-0.02, 0.14, 2.5, -0.15]
going right
[383.0, 367.0, -0.0, -0.32, 376.0, 373.0, -0.0, -0.06, -0.87, -1.56]
[-0.0, -0.19, -1.74, -1.56]
Going left
[351.0, 351.0, -0.02, 0.0, 402.0, 385.0, -0.01, -0.34, 1.16, 2.51]
[-0.015, -0.17, 2.32, 2.51]
going right
[388.0, 371.0, 0.0, -0.34, 376.0, 380.0, -0.01, 0.08, -0.86, -3.49]
[-0.005, -0.13, -1.72, -3.49]
Going left
[360.0, 392.0, 0.02, 0.64, 392.0, 397.0, -0.03, 0.1, 1.12, 3.52]
[-0.004999999999999999, 0.37, 2.24, 3.52]
going right
[383.0, 358.0, -0.01, -0.5, 376.0, 373.0, -0.0, -0.06, -0.89, -1.48]
[-0.005, -0.28, -1.78, -1.48]
Going left
[351.0, 351.0, -0.02, 0.0, 392.0, 392.0, -0.02, 0.0, 1.21, -0.92]
[-0.02, 0.0, 2.42, -0.92]
going right
[348.0, 371.0, 0.0, 0.46, 376.0, 373.0, -0.0, -0.06, -0.85, -2.25]
[0.0, 0.2, -1.7, -2.25]
Going left
[351.0, 360.0, -0.01, 0.18, 402.0, 385.0, -0.01, -0.34, 0.81, 4.31]
[-0.01, -0.08000000000000002, 1.62, 4.31]
going right
[378.0, 362.0, -0.01, -0.32, 376.0, 373.0, -0.0, -0.06, -0.86, -3.27]
[-0.005, -0.19, -1.72, -3.27]
Going left
[355.0, 360.0, -0.01, 0.1, 392.0, 392.0, -0.02, 0.0, 1.23, 0.95]
[-0.015, 0.05, 2.46, 0.95]
going right
[388.0, 362.0, -0.01, -0.52, 376.0, 378.0, -0.01, 0.04, -0.9, -0.44]
[-0.01, -0.24000000000000002, -1.8, -0.44]
Going left
[351.0, 351.0, -0.02, 0.0, 397.0, 402.0, -0.03, 0.1, 1.23, 0.07]
[-0.025, 0.05, 2.46, 0.07]
going right
[373.0, 362.0, -0.01, -0.22, 376.0, 373.0, -0.0, -0.06, -0.77, -3.3]
[-0.005, -0.14, -1.54, -3.3]
Going left
[351.0, 351.0, -0.02, 0.0, 402.0, 385.0, -0.01, -0.34, 1.04, 3.71]
[-0.015, -0.17, 2.08, 3.71]
going right
[383.0, 362.0, -0.01, -0.42, 376.0, 373.0, -0.0, -0.06, -0.91, -1.74]
[-0.005, -0.24, -1.82, -1.74]
Going left
[395.0, 351.0, -0.02, -0.88, 397.0, 397.0, -0.03, 0.0, 1.23, -0.26]
[-0.025, -0.44, 2.46, -0.26]
going right
[373.0, 362.0, -0.01, -0.22, 380.0, 388.0, -0.02, 0.16, -0.9, -2.73]
[-0.015, -0.03, -1.8, -2.73]
Going left
[358.0, 351.0, -0.02, -0.14, 402.0, 385.0, -0.01, -0.34, 0.99, 3.84]
[-0.015, -0.24000000000000002, 1.98, 3.84]
going right
[360.0, 353.0, -0.02, -0.14, 385.0, 383.0, -0.01, -0.04, -0.89, -3.03]
[-0.015, -0.09000000000000001, -1.78, -3.03]
Going left
[367.0, 355.0, -0.01, -0.24, 392.0, 397.0, -0.03, 0.1, 1.21, 1.61]
[-0.02, -0.06999999999999999, 2.42, 1.61]
going right
[365.0, 358.0, -0.01, -0.14, 385.0, 376.0, -0.01, -0.18, -0.87, -1.66]
[-0.01, -0.16, -1.74, -1.66]
Going left
[358.0, 355.0, -0.01, -0.06, 383.0, 383.0, -0.01, 0.0, 1.2, 1.28]
[-0.01, -0.03, 2.4, 1.28]
going right
[362.0, 351.0, -0.02, -0.22, 376.0, 373.0, -0.0, -0.06, -0.89, -2.93]
[-0.01, -0.14, -1.78, -2.93]
Going left
[355.0, 369.0, -0.0, 0.28, 388.0, 383.0, -0.01, -0.1, 0.92, 3.98]
[-0.005, 0.09000000000000001, 1.84, 3.98]
going right
[348.0, 362.0, -0.01, 0.28, 380.0, 376.0, -0.01, -0.08, -0.86, -2.4]
[-0.01, 0.1, -1.72, -2.4]
Going left
[358.0, 355.0, -0.01, -0.06, 383.0, 399.0, -0.03, 0.32, 1.21, -0.03]
[-0.02, 0.13, 2.42, -0.03]
going right
[362.0, 351.0, -0.02, -0.22, 376.0, 373.0, -0.0, -0.06, -0.86, -1.79]
[-0.01, -0.14, -1.72, -1.79]
Going left
[351.0, 360.0, -0.01, 0.18, 383.0, 383.0, -0.01, 0.0, 0.76, 4.25]
[-0.01, 0.09, 1.52, 4.25]
going right
[353.0, 362.0, -0.01, 0.18, 385.0, 388.0, -0.02, 0.06, -0.5, -4.16]
[-0.015, 0.12, -1.0, -4.16]
Going left
[362.0, 360.0, -0.01, -0.04, 383.0, 383.0, -0.01, 0.0, 0.79, 4.43]
[-0.01, -0.02, 1.58, 4.43]
going right
[362.0, 351.0, -0.02, -0.22, 376.0, 378.0, -0.01, 0.04, -0.81, -3.51]
[-0.015, -0.09, -1.62, -3.51]
Going left
[351.0, 369.0, -0.0, 0.36, 383.0, 383.0, -0.01, 0.0, 1.09, 2.86]
[-0.005, 0.18, 2.18, 2.86]
going right
[353.0, 362.0, -0.01, 0.18, 390.0, 380.0, -0.01, -0.2, -0.86, -1.92]
[-0.01, -0.010000000000000009, -1.72, -1.92]
Going left
[348.0, 355.0, -0.01, 0.14, 395.0, 390.0, -0.02, -0.1, 1.1, 2.09]
[-0.015, 0.020000000000000004, 2.2, 2.09]
going right
[362.0, 351.0, -0.02, -0.22, 380.0, 376.0, -0.01, -0.08, -0.55, -3.61]
[-0.015, -0.15, -1.1, -3.61]
Going left
[353.0, 355.0, -0.01, 0.04, 383.0, 399.0, -0.03, 0.32, 0.71, 4.42]
[-0.02, 0.18, 1.42, 4.42]
going right
[358.0, 367.0, -0.0, 0.18, 385.0, 376.0, -0.01, -0.18, -0.44, -4.09]
[-0.005, 0.0, -0.88, -4.09]
Going left
[348.0, 355.0, -0.01, 0.14, 383.0, 395.0, -0.03, 0.24, 0.31, 4.72]
[-0.02, 0.19, 0.62, 4.72]
going right
[362.0, 376.0, 0.01, 0.28, 380.0, 376.0, -0.01, -0.08, -0.31, -4.25]
[0.0, 0.1, -0.62, -4.25]
Going left
[369.0, 355.0, -0.01, -0.28, 395.0, 395.0, -0.03, 0.0, 0.15, 4.13]
[-0.02, -0.14, 0.3, 4.13]
going right
[362.0, 371.0, 0.0, 0.18, 380.0, 376.0, -0.01, -0.08, -0.2, -3.41]
[-0.005, 0.049999999999999996, -0.4, -3.41]
Going left
[373.0, 351.0, -0.02, -0.44, 383.0, 395.0, -0.03, 0.24, -0.02, 3.12]
[-0.025, -0.1, -0.04, 3.12]
going right
[367.0, 351.0, -0.02, -0.32, 376.0, 376.0, -0.01, 0.0, -0.15, -3.8]
[-0.015, -0.16, -0.3, -3.8]
Going left
[360.0, 351.0, -0.02, -0.18, 383.0, 383.0, -0.01, 0.0, -0.09, 3.12]
[-0.015, -0.09, -0.18, 3.12]
going right
[362.0, 351.0, -0.02, -0.22, 376.0, 388.0, -0.02, 0.24, -0.03, -3.55]
[-0.02, 0.009999999999999995, -0.06, -3.55]
Going left
[388.0, 351.0, -0.02, -0.74, 383.0, 383.0, -0.01, 0.0, -0.28, 1.99]
[-0.015, -0.37, -0.56, 1.99]
going right
[367.0, 351.0, -0.02, -0.32, 376.0, 373.0, -0.0, -0.06, -0.05, 1.29]
[-0.01, -0.19, -0.1, 1.29]
going right
[358.0, 351.0, -0.02, -0.14, 388.0, 388.0, -0.02, 0.0, 0.04, -1.0]
[-0.02, -0.07, 0.08, -1.0]
Going left
[383.0, 378.0, 0.01, -0.1, 385.0, 385.0, -0.01, 0.0, 0.27, 1.58]
[0.0, -0.05, 0.54, 1.58]
going right
[353.0, 351.0, -0.02, -0.04, 380.0, 376.0, -0.01, -0.08, -0.02, -1.31]
[-0.015, -0.06, -0.04, -1.31]
Going left
[365.0, 351.0, -0.02, -0.28, 383.0, 383.0, -0.01, 0.0, 0.06, 1.39]
[-0.015, -0.14, 0.12, 1.39]
going right
[353.0, 362.0, -0.01, 0.18, 385.0, 376.0, -0.01, -0.18, -0.05, -2.29]
[-0.01, 0.0, -0.1, -2.29]
Going left
[388.0, 351.0, -0.02, -0.74, 383.0, 383.0, -0.01, 0.0, -0.1, 0.19]
[-0.015, -0.37, -0.2, 0.19]
Going left
[362.0, 376.0, 0.01, 0.28, 385.0, 376.0, -0.01, -0.18, 0.07, 0.97]
[0.0, 0.05000000000000002, 0.14, 0.97]
going right
[376.0, 369.0, -0.0, -0.14, 373.0, 369.0, 0.0, -0.08, -0.01, -2.85]
[0.0, -0.11000000000000001, -0.02, -2.85]
Going left
[369.0, 351.0, -0.02, -0.36, 380.0, 380.0, -0.01, 0.0, -0.23, 1.71]
[-0.015, -0.18, -0.46, 1.71]
going right
[353.0, 362.0, -0.01, 0.18, 378.0, 378.0, -0.01, 0.0, 0.0, 1.18]
[-0.01, 0.09, 0.0, 1.18]
going right
[365.0, 365.0, -0.0, 0.0, 380.0, 380.0, -0.01, 0.0, 0.12, -1.38]
[-0.005, 0.0, 0.24, -1.38]
Going left
[360.0, 360.0, -0.01, 0.0, 385.0, 380.0, -0.01, -0.1, 0.14, 0.63]
[-0.01, -0.05, 0.28, 0.63]
going right
[376.0, 360.0, -0.01, -0.32, 380.0, 376.0, -0.01, -0.08, -0.03, -1.63]
[-0.01, -0.2, -0.06, -1.63]
Going left
[360.0, 351.0, -0.02, -0.18, 383.0, 383.0, -0.01, 0.0, 0.06, 1.18]
[-0.015, -0.09, 0.12, 1.18]
going right
[358.0, 367.0, -0.0, 0.18, 380.0, 376.0, -0.01, -0.08, -0.01, -2.16]
[-0.005, 0.049999999999999996, -0.02, -2.16]
Going left
[348.0, 351.0, -0.02, 0.06, 383.0, 395.0, -0.03, 0.24, 0.02, 0.41]
[-0.025, 0.15, 0.04, 0.41]
going right
[362.0, 371.0, 0.0, 0.18, 390.0, 385.0, -0.01, -0.1, -0.03, 0.43]
[-0.005, 0.039999999999999994, -0.06, 0.43]
going right
[365.0, 355.0, -0.01, -0.2, 390.0, 390.0, -0.02, 0.0, 0.15, -1.29]
[-0.015, -0.1, 0.3, -1.29]
Going left
[355.0, 355.0, -0.01, 0.0, 390.0, 385.0, -0.01, -0.1, 0.1, 0.95]
[-0.01, -0.05, 0.2, 0.95]
going right
[362.0, 385.0, 0.01, 0.46, 378.0, 378.0, -0.01, 0.0, 0.04, -1.0]
[0.0, 0.23, 0.08, -1.0]
Going left
[365.0, 365.0, -0.0, 0.0, 380.0, 380.0, -0.01, 0.0, 0.14, 1.57]
[-0.005, 0.0, 0.28, 1.57]
going right
[358.0, 362.0, -0.01, 0.08, 378.0, 395.0, -0.03, 0.34, 0.04, -0.35]
[-0.02, 0.21000000000000002, 0.08, -0.35]
going right
[388.0, 365.0, -0.0, -0.46, 380.0, 380.0, -0.01, 0.0, 0.13, -0.65]
[-0.005, -0.23, 0.26, -0.65]
going right
[365.0, 365.0, -0.0, 0.0, 380.0, 380.0, -0.01, 0.0, 0.15, -0.53]
[-0.005, 0.0, 0.3, -0.53]
going right
[365.0, 365.0, -0.0, 0.0, 380.0, 380.0, -0.01, 0.0, 0.14, -0.07]
[-0.005, 0.0, 0.28, -0.07]
going right
[365.0, 365.0, -0.0, 0.0, 380.0, 380.0, -0.01, 0.0, 0.2, 0.02]
[-0.005, 0.0, 0.4, 0.02]
going right
[365.0, 365.0, -0.0, 0.0, 380.0, 380.0, -0.01, 0.0, 0.2, -0.04]
[-0.005, 0.0, 0.4, -0.04]
going right
[365.0, 365.0, -0.0, 0.0, 380.0, 380.0, -0.01, 0.0, 0.2, -0.04]
[-0.005, 0.0, 0.4, -0.04]
going right
[365.0, 365.0, -0.0, 0.0, 380.0, 380.0, -0.01, 0.0, 0.2, -0.05]
[-0.005, 0.0, 0.4, -0.05]
going right
[365.0, 365.0, -0.0, 0.0, 380.0, 380.0, -0.01, 0.0, 0.2, -0.05]
[-0.005, 0.0, 0.4, -0.05]
going right
[365.0, 365.0, -0.0, 0.0, 380.0, 380.0, -0.01, 0.0, 0.2, -0.05]
[-0.005, 0.0, 0.4, -0.05]
going right
[365.0, 365.0, -0.0, 0.0, 380.0, 380.0, -0.01, 0.0, 0.19, -0.05]
[-0.005, 0.0, 0.38, -0.05]
going right
[365.0, 365.0, -0.0, 0.0, 380.0, 380.0, -0.01, 0.0, 0.2, -0.04]
[-0.005, 0.0, 0.4, -0.04]
going right
[365.0, 365.0, -0.0, 0.0, 380.0, 380.0, -0.01, 0.0, 0.2, -0.05]
[-0.005, 0.0, 0.4, -0.05]
going right
[365.0, 365.0, -0.0, 0.0, 380.0, 380.0, -0.01, 0.0, 0.2, -0.04]
[-0.005, 0.0, 0.4, -0.04]
going right
[365.0, 365.0, -0.0, 0.0, 380.0, 380.0, -0.01, 0.0, 0.2, -0.04]
[-0.005, 0.0, 0.4, -0.04]
going right
[365.0, 365.0, -0.0, 0.0, 380.0, 380.0, -0.01, 0.0, 0.2, -0.05]
[-0.005, 0.0, 0.4, -0.05]
going right
[365.0, 365.0, -0.0, 0.0, 380.0, 380.0, -0.01, 0.0, 0.2, -0.05]
[-0.005, 0.0, 0.4, -0.05]
going right
[365.0, 365.0, -0.0, 0.0, 380.0, 380.0, -0.01, 0.0, 0.2, -0.04]
[-0.005, 0.0, 0.4, -0.04]
going right
[365.0, 365.0, -0.0, 0.0, 380.0, 380.0, -0.01, 0.0, 0.2, -0.04]
[-0.005, 0.0, 0.4, -0.04]
going right
[365.0, 365.0, -0.0, 0.0, 380.0, 380.0, -0.01, 0.0, 0.2, -0.05]
[-0.005, 0.0, 0.4, -0.05]
going right
[365.0, 365.0, -0.0, 0.0, 380.0, 380.0, -0.01, 0.0, 0.2, -0.04]
[-0.005, 0.0, 0.4, -0.04]
going right
[365.0, 365.0, -0.0, 0.0, 380.0, 380.0, -0.01, 0.0, 0.2, -0.05]
[-0.005, 0.0, 0.4, -0.05]
going right
[365.0, 365.0, -0.0, 0.0, 380.0, 380.0, -0.01, 0.0, 0.2, -0.04]
[-0.005, 0.0, 0.4, -0.04]
going right
[365.0, 365.0, -0.0, 0.0, 380.0, 380.0, -0.01, 0.0, 0.2, -0.04]
[-0.005, 0.0, 0.4, -0.04]
going right
[365.0, 365.0, -0.0, 0.0, 380.0, 380.0, -0.01, 0.0, 0.2, -0.05]
[-0.005, 0.0, 0.4, -0.05]
going right
[365.0, 365.0, -0.0, 0.0, 380.0, 380.0, -0.01, 0.0, 0.2, -0.04]
[-0.005, 0.0, 0.4, -0.04]
going right
[365.0, 365.0, -0.0, 0.0, 380.0, 380.0, -0.01, 0.0, 0.2, -0.05]
[-0.005, 0.0, 0.4, -0.05]
going right
[365.0, 365.0, -0.0, 0.0, 380.0, 380.0, -0.01, 0.0, 0.2, -0.05]
[-0.005, 0.0, 0.4, -0.05]
going right
[365.0, 365.0, -0.0, 0.0, 380.0, 380.0, -0.01, 0.0, 0.2, -0.05]
[-0.005, 0.0, 0.4, -0.05]
going right
[365.0, 365.0, -0.0, 0.0, 380.0, 380.0, -0.01, 0.0, 0.19, -0.04]
[-0.005, 0.0, 0.38, -0.04]
going right
[365.0, 365.0, -0.0, 0.0, 380.0, 380.0, -0.01, 0.0, 0.2, -0.04]
[-0.005, 0.0, 0.4, -0.04]
going right
[365.0, 365.0, -0.0, 0.0, 380.0, 380.0, -0.01, 0.0, 0.2, -0.04]
[-0.005, 0.0, 0.4, -0.04]
going right
[365.0, 365.0, -0.0, 0.0, 380.0, 380.0, -0.01, 0.0, 0.2, -0.04]
[-0.005, 0.0, 0.4, -0.04]
going right
[365.0, 365.0, -0.0, 0.0, 380.0, 380.0, -0.01, 0.0, 0.2, -0.04]
[-0.005, 0.0, 0.4, -0.04]
going right
[365.0, 365.0, -0.0, 0.0, 380.0, 380.0, -0.01, 0.0, 0.2, -0.05]
[-0.005, 0.0, 0.4, -0.05]
going right
[365.0, 365.0, -0.0, 0.0, 380.0, 380.0, -0.01, 0.0, 0.2, -0.05]
[-0.005, 0.0, 0.4, -0.05]
going right
[365.0, 365.0, -0.0, 0.0, 380.0, 380.0, -0.01, 0.0, 0.2, -0.04]
[-0.005, 0.0, 0.4, -0.04]
going right
^C[365.0, 365.0, -0.0, 0.0, 380.0, 380.0, -0.01, 0.0, 0.2, -0.05]
[-0.005, 0.0, 0.4, -0.05]
going right
[365.0, 365.0, -0.0, 0.0, 380.0, 380.0, -0.01, 0.0, 0.2, -0.05]
[-0.005, 0.0, 0.4, -0.05]
going right
[365.0, 365.0, -0.0, 0.0, 380.0, 380.0, -0.01, 0.0, 0.2, -0.04]
[-0.005, 0.0, 0.4, -0.04]
going right
[365.0, 365.0, -0.0, 0.0, 380.0, 380.0, -0.01, 0.0, 0.2, -0.05]
[-0.005, 0.0, 0.4, -0.05]
going right
[365.0, 365.0, -0.0, 0.0, 380.0, 380.0, -0.01, 0.0, 0.2, -0.04]
[-0.005, 0.0, 0.4, -0.04]
going right


racek1459@gracek1459-desktop:~/Documents/L46/L46_sim2Real/raspi_code$ sudo python full_hardware_code_w_arduino.py 
[355.0, 355.0, -0.01, 0.0, 385.0, 385.0, -0.01, 0.0, -0.06, -0.05]
Going left
[355.0, 355.0, -0.01, 0.0, 385.0, 385.0, -0.01, 0.0, -0.06, -0.05]
[-0.01, 0.0, -0.12, -0.05]
Going left
[355.0, 355.0, -0.01, 0.0, 385.0, 385.0, -0.01, 0.0, -0.06, -0.05]
[-0.01, 0.0, -0.12, -0.05]
Going left
[355.0, 355.0, -0.01, 0.0, 385.0, 385.0, -0.01, 0.0, -0.06, -0.04]
[-0.01, 0.0, -0.12, -0.04]
Going left
[355.0, 355.0, -0.01, 0.0, 385.0, 385.0, -0.01, 0.0, -0.06, -0.04]
[-0.01, 0.0, -0.12, -0.04]
Going left
[355.0, 355.0, -0.01, 0.0, 385.0, 385.0, -0.01, 0.0, -0.06, -0.04]
[-0.01, 0.0, -0.12, -0.04]
Going left
[355.0, 355.0, -0.01, 0.0, 385.0, 385.0, -0.01, 0.0, -0.06, -0.04]
[-0.01, 0.0, -0.12, -0.04]
Going left
[355.0, 355.0, -0.01, 0.0, 385.0, 385.0, -0.01, 0.0, -0.06, -0.05]
[-0.01, 0.0, -0.12, -0.05]
Going left
[355.0, 355.0, -0.01, 0.0, 385.0, 385.0, -0.01, 0.0, -0.05, -0.05]
[-0.01, 0.0, -0.1, -0.05]
Going left
[355.0, 355.0, -0.01, 0.0, 385.0, 385.0, -0.01, 0.0, -0.06, -0.05]
[-0.01, 0.0, -0.12, -0.05]
Going left
[355.0, 355.0, -0.01, 0.0, 385.0, 385.0, -0.01, 0.0, -0.06, -0.05]
[-0.01, 0.0, -0.12, -0.05]
Going left
[355.0, 355.0, -0.01, 0.0, 385.0, 385.0, -0.01, 0.0, -0.05, -0.04]
[-0.01, 0.0, -0.1, -0.04]
Going left
[355.0, 355.0, -0.01, 0.0, 385.0, 385.0, -0.01, 0.0, -0.06, -0.04]
[-0.01, 0.0, -0.12, -0.04]
Going left
[355.0, 355.0, -0.01, 0.0, 385.0, 385.0, -0.01, 0.0, -0.06, -0.04]
[-0.01, 0.0, -0.12, -0.04]
Going left
[351.0, 351.0, -0.02, 0.0, 385.0, 385.0, -0.01, 0.0, -0.06, -0.04]
[-0.015, 0.0, -0.12, -0.04]
Going left
[351.0, 351.0, -0.02, 0.0, 385.0, 385.0, -0.01, 0.0, -0.06, -0.05]
[-0.015, 0.0, -0.12, -0.05]
Going left
[351.0, 355.0, -0.01, 0.08, 376.0, 385.0, -0.01, 0.18, -0.03, 2.27]
[-0.01, 0.13, -0.06, 2.27]
going right
[376.0, 378.0, 0.01, 0.04, 367.0, 371.0, -0.0, 0.08, 1.06, 3.34]
[0.005, 0.06, 2.12, 3.34]
going right
[385.0, 407.0, 0.04, 0.44, 345.0, 343.0, 0.03, -0.04, 0.01, 0.9]
[0.035, 0.2, 0.02, 0.9]
going right
[404.0, 388.0, 0.02, -0.32, 353.0, 373.0, -0.0, 0.4, 0.22, 0.62]
[0.01, 0.04000000000000001, 0.44, 0.62]
going right
[358.0, 348.0, -0.02, -0.2, 430.0, 426.0, -0.06, -0.08, 0.64, 0.23]
[-0.04, -0.14, 1.28, 0.23]
going right
[314.0, 298.0, -0.07, -0.32, 489.0, 500.0, -0.13, 0.22, 0.34, -0.86]
[-0.1, -0.05, 0.68, -0.86]
going right
[212.0, 187.0, -0.18, -0.5, 578.0, 611.0, -0.24, 0.66, 0.6, 0.23]
[-0.21, 0.08000000000000002, 1.2, 0.23]
going right
[92.0, 74.0, -0.3, -0.36, 452.0, 556.0, -0.19, 2.08, -4.59, 0.24]
[-0.245, 0.8600000000000001, -9.18, 0.24]
Going left
[42.0, 39.0, -0.33, -0.06, 556.0, 589.0, -0.22, 0.66, 0.34, 1.74]
[-0.275, 0.30000000000000004, 0.68, 1.74]
going right
[56.0, 30.0, -0.34, -0.52, 471.0, 467.0, -0.1, -0.08, -0.04, -0.73]
[-0.22000000000000003, -0.3, -0.08, -0.73]
Going left
[53.0, 33.0, -0.34, -0.4, 712.0, 716.0, -0.35, 0.08, 1.34, 1.21]
[-0.345, -0.16, 2.68, 1.21]
PENDULUM DIED STOP SCRIPT


gracek1459@gracek1459-desktop:~/Documents/L46/L46_sim2Real/raspi_code$ sudo python full_hardware_code_w_arduino.py 
[360.0, 360.0, -0.01, 0.0, 365.0, 365.0, 0.0, 0.0, -0.1, -0.05]
Going left
[360.0, 360.0, -0.01, 0.0, 365.0, 365.0, 0.0, 0.0, -0.1, -0.05]
[-0.005, 0.0, -0.2, -0.05]
Going left
[360.0, 360.0, -0.01, 0.0, 365.0, 365.0, 0.0, 0.0, -0.1, -0.05]
[-0.005, 0.0, -0.2, -0.05]
Going left
[360.0, 360.0, -0.01, 0.0, 365.0, 365.0, 0.0, 0.0, -0.11, -0.05]
[-0.005, 0.0, -0.22, -0.05]
Going left
[360.0, 360.0, -0.01, 0.0, 365.0, 365.0, 0.0, 0.0, -0.1, -0.05]
[-0.005, 0.0, -0.2, -0.05]
Going left
[360.0, 360.0, -0.01, 0.0, 365.0, 365.0, 0.0, 0.0, -0.1, -0.05]
[-0.005, 0.0, -0.2, -0.05]
Going left
[360.0, 360.0, -0.01, 0.0, 365.0, 365.0, 0.0, 0.0, -0.1, -0.05]
[-0.005, 0.0, -0.2, -0.05]
Going left
[360.0, 360.0, -0.01, 0.0, 365.0, 365.0, 0.0, 0.0, -0.1, -0.05]
[-0.005, 0.0, -0.2, -0.05]
Going left
[360.0, 360.0, -0.01, 0.0, 365.0, 365.0, 0.0, 0.0, -0.1, -0.05]
[-0.005, 0.0, -0.2, -0.05]
Going left
[360.0, 360.0, -0.01, 0.0, 365.0, 365.0, 0.0, 0.0, -0.1, -0.05]
[-0.005, 0.0, -0.2, -0.05]
Going left
[360.0, 360.0, -0.01, 0.0, 365.0, 365.0, 0.0, 0.0, -0.1, -0.05]
[-0.005, 0.0, -0.2, -0.05]
Going left
[360.0, 360.0, -0.01, 0.0, 365.0, 365.0, 0.0, 0.0, -0.1, -0.05]
[-0.005, 0.0, -0.2, -0.05]
Going left
[360.0, 360.0, -0.01, 0.0, 365.0, 365.0, 0.0, 0.0, -0.1, -0.05]
[-0.005, 0.0, -0.2, -0.05]
Going left
[360.0, 360.0, -0.01, 0.0, 365.0, 365.0, 0.0, 0.0, -0.11, -0.05]
[-0.005, 0.0, -0.22, -0.05]
Going left
[360.0, 360.0, -0.01, 0.0, 365.0, 365.0, 0.0, 0.0, -0.1, -0.05]
[-0.005, 0.0, -0.2, -0.05]
Going left
[360.0, 360.0, -0.01, 0.0, 365.0, 365.0, 0.0, 0.0, -0.1, -0.05]
[-0.005, 0.0, -0.2, -0.05]
Going left
[360.0, 360.0, -0.01, 0.0, 365.0, 380.0, -0.01, 0.3, -0.03, 0.52]
[-0.01, 0.15, -0.06, 0.52]
going right
[376.0, 371.0, 0.0, -0.1, 348.0, 367.0, 0.0, 0.38, 0.31, 2.52]
[0.0, 0.14, 0.62, 2.52]
going right
[385.0, 392.0, 0.02, 0.14, 351.0, 343.0, 0.03, -0.16, 0.11, -0.81]
[0.025, -0.009999999999999995, 0.22, -0.81]
Going left
[442.0, 409.0, 0.04, -0.66, 345.0, 353.0, 0.02, 0.16, 0.54, 0.43]
[0.03, -0.25, 1.08, 0.43]
going right
[392.0, 385.0, 0.01, -0.14, 351.0, 348.0, 0.02, -0.06, 0.02, -0.86]
[0.015, -0.1, 0.04, -0.86]
Going left
[390.0, 373.0, 0.0, -0.34, 367.0, 380.0, -0.01, 0.26, 0.74, 3.35]
[-0.005, -0.04000000000000001, 1.48, 3.35]
going right
[351.0, 348.0, -0.02, -0.06, 376.0, 385.0, -0.01, 0.18, 0.04, -1.35]
[-0.015, 0.06, 0.08, -1.35]
Going left
[360.0, 365.0, -0.0, 0.1, 385.0, 397.0, -0.03, 0.24, 0.63, -0.15]
[-0.015, 0.16999999999999998, 1.26, -0.15]
going right
[362.0, 351.0, -0.02, -0.22, 371.0, 362.0, 0.01, -0.18, 0.03, -0.49]
[-0.005, -0.2, 0.06, -0.49]
Going left
[371.0, 369.0, -0.0, -0.04, 380.0, 383.0, -0.01, 0.06, 0.92, -0.42]
[-0.005, 0.009999999999999998, 1.84, -0.42]
going right
[353.0, 351.0, -0.02, -0.04, 378.0, 373.0, -0.0, -0.1, 0.02, -0.83]
[-0.01, -0.07, 0.04, -0.83]
Going left
[351.0, 353.0, -0.02, 0.04, 385.0, 392.0, -0.02, 0.14, 0.63, 0.12]
[-0.02, 0.09000000000000001, 1.26, 0.12]
going right
[348.0, 358.0, -0.01, 0.2, 373.0, 369.0, 0.0, -0.08, -0.01, -0.73]
[-0.005, 0.060000000000000005, -0.02, -0.73]
Going left
[353.0, 348.0, -0.02, -0.1, 395.0, 388.0, -0.02, -0.14, 0.81, -0.02]
[-0.02, -0.12000000000000001, 1.62, -0.02]
going right
[365.0, 355.0, -0.01, -0.2, 371.0, 365.0, 0.0, -0.12, 0.02, -0.44]
[-0.005, -0.16, 0.04, -0.44]
Going left
[373.0, 358.0, -0.01, -0.3, 371.0, 380.0, -0.01, 0.18, 0.64, 0.31]
[-0.01, -0.06, 1.28, 0.31]
going right
[376.0, 351.0, -0.02, -0.5, 378.0, 383.0, -0.01, 0.1, 0.07, 0.07]
[-0.015, -0.2, 0.14, 0.07]
going right
[358.0, 358.0, -0.01, 0.0, 383.0, 395.0, -0.03, 0.24, 0.28, -0.2]
[-0.02, 0.12, 0.56, -0.2]
going right
[371.0, 351.0, -0.02, -0.4, 409.0, 424.0, -0.05, 0.3, 0.43, -0.01]
[-0.035, -0.05000000000000002, 0.86, -0.01]
going right
[340.0, 340.0, -0.03, 0.0, 430.0, 436.0, -0.07, 0.12, 0.29, -0.11]
[-0.05, 0.06, 0.58, -0.11]
going right
[309.0, 301.0, -0.07, -0.16, 473.0, 479.0, -0.11, 0.12, 0.3, -0.1]
[-0.09, -0.020000000000000004, 0.6, -0.1]
going right
[244.0, 233.0, -0.14, -0.22, 527.0, 537.0, -0.17, 0.2, 0.39, -0.11]
[-0.15500000000000003, -0.009999999999999995, 0.78, -0.11]
going right
[184.0, 175.0, -0.19, -0.18, 609.0, 623.0, -0.25, 0.28, 0.48, -0.46]
[-0.22, 0.05000000000000002, 0.96, -0.46]
going right
[83.0, 65.0, -0.3, -0.36, 452.0, 726.0, -0.36, 5.48, 0.65, -0.47]
[-0.32999999999999996, 2.56, 1.3, -0.47]
PENDULUM DIED STOP SCRIPT



gracek1459@gracek1459-desktop:~/Documents/L46/L46_sim2Real/raspi_code$ sudo python full_hardware_code_w_arduino.py 
[311.0, 0.06, 0.0, 0.09, -0.05]

[426.0, 426.0, 0.06, 0.0, 311.0, 311.0, 0.06, 0.0, 0.09, -0.04]
going right
[0.0, 311.0, 311.0, 0.06, 0.0, 0.09, -0.05]

[426.0, 426.0, 0.06, 0.0, 311.0, 311.0, 0.06, 0.0, 0.09, -0.04]
[0.06, 0.0, 0.18, -0.04]
going right
[426.0, 426.0, 0.06, 0.0, 311.0, 311.0, 0.06, 0.0, 0.09, -0.05]
[0.06, 0.0, 0.18, -0.05]
going right
[426.0, 430.0, 0.06, 0.08, 311.0, 311.0, 0.06, 0.0, 0.09, -0.05]
[0.06, 0.04, 0.18, -0.05]
going right
[426.0, 426.0, 0.06, 0.0, 311.0, 311.0, 0.06, 0.0, 0.09, -0.05]
[0.06, 0.0, 0.18, -0.05]
going right
[426.0, 426.0, 0.06, 0.0, 311.0, 311.0, 0.06, 0.0, 0.09, -0.05]
[0.06, 0.0, 0.18, -0.05]
going right
[426.0, 426.0, 0.06, 0.0, 311.0, 311.0, 0.06, 0.0, 0.09, -0.05]
[0.06, 0.0, 0.18, -0.05]
going right
[426.0, 426.0, 0.06, 0.0, 311.0, 311.0, 0.06, 0.0, 0.09, -0.05]
[0.06, 0.0, 0.18, -0.05]
going right
[426.0, 426.0, 0.06, 0.0, 311.0, 311.0, 0.06, 0.0, 0.09, -0.05]
[0.06, 0.0, 0.18, -0.05]
going right
[426.0, 426.0, 0.06, 0.0, 311.0, 311.0, 0.06, 0.0, 0.09, -0.05]
[0.06, 0.0, 0.18, -0.05]
going right
[426.0, 430.0, 0.06, 0.08, 311.0, 311.0, 0.06, 0.0, 0.09, -0.05]
[0.06, 0.04, 0.18, -0.05]
going right
[426.0, 426.0, 0.06, 0.0, 311.0, 311.0, 0.06, 0.0, 0.09, -0.04]
[0.06, 0.0, 0.18, -0.04]
going right
[426.0, 426.0, 0.06, 0.0, 311.0, 311.0, 0.06, 0.0, 0.09, -0.05]
[0.06, 0.0, 0.18, -0.05]
going right
[426.0, 426.0, 0.06, 0.0, 311.0, 311.0, 0.06, 0.0, 0.09, -0.05]
[0.06, 0.0, 0.18, -0.05]
going right
[426.0, 426.0, 0.06, 0.0, 311.0, 311.0, 0.06, 0.0, 0.09, -0.05]
[0.06, 0.0, 0.18, -0.05]
going right
[426.0, 426.0, 0.06, 0.0, 311.0, 311.0, 0.06, 0.0, 0.09, -0.05]
[0.06, 0.0, 0.18, -0.05]
going right
[426.0, 426.0, 0.06, 0.0, 311.0, 311.0, 0.06, 0.0, 0.09, -0.05]
[0.06, 0.0, 0.18, -0.05]
going right
[426.0, 426.0, 0.06, 0.0, 311.0, 311.0, 0.06, 0.0, 0.09, -0.05]
[0.06, 0.0, 0.18, -0.05]
going right
[426.0, 426.0, 0.06, 0.0, 311.0, 311.0, 0.06, 0.0, -0.05, -0.41]
[0.06, 0.0, -0.1, -0.41]
Going left
[418.0, 447.0, 0.08, 0.58, 327.0, 335.0, 0.03, 0.16, -0.26, -4.07]
[0.055, 0.37, -0.52, -4.07]
Going left
[392.0, 358.0, -0.01, -0.68, 385.0, 407.0, -0.04, 0.44, -0.5, -1.39]
[-0.025, -0.12000000000000002, -1.0, -1.39]
Going left
[332.0, 311.0, -0.06, -0.42, 471.0, 473.0, -0.1, 0.04, -0.02, 2.94]
[-0.08, -0.19, -0.04, 2.94]
going right
[288.0, 301.0, -0.07, 0.26, 465.0, 465.0, -0.1, 0.0, -0.38, -0.9]
[-0.085, 0.13, -0.76, -0.9]
Going left
[296.0, 290.0, -0.08, -0.12, 483.0, 489.0, -0.12, 0.12, -0.7, -1.49]
[-0.1, 0.0, -1.4, -1.49]
Going left
[290.0, 280.0, -0.09, -0.2, 480.0, 467.0, -0.1, -0.26, -0.22, 0.41]
[-0.095, -0.23, -0.44, 0.41]
Going left
[311.0, 309.0, -0.06, -0.04, 440.0, 432.0, -0.06, -0.16, -0.38, -0.03]
[-0.06, -0.1, -0.76, -0.03]
Going left
[340.0, 351.0, -0.02, 0.22, 407.0, 385.0, -0.01, -0.44, -0.46, -0.08]
[-0.015, -0.11, -0.92, -0.08]
Going left
[373.0, 399.0, 0.03, 0.52, 338.0, 319.0, 0.05, -0.38, -0.37, -0.03]
[0.04, 0.07, -0.74, -0.03]
Going left
[460.0, 473.0, 0.1, 0.26, 256.0, 239.0, 0.13, -0.34, -0.31, -0.15]
[0.115, -0.04000000000000001, -0.62, -0.15]
Going left
[554.0, 563.0, 0.19, 0.18, 215.0, 155.0, 0.22, -1.2, -0.41, -0.19]
[0.20500000000000002, -0.51, -0.82, -0.19]
Going left
[656.0, 709.0, 0.34, 1.06, 351.0, 351.0, 0.02, 0.0, -0.5, 0.45]
[0.18000000000000002, 0.53, -1.0, 0.45]
Going left
[662.0, 756.0, 0.39, 1.88, 298.0, 351.0, 0.02, 1.06, 0.26, 2.93]
[0.20500000000000002, 1.47, 0.52, 2.93]
going right
[752.0, 752.0, 0.38, 0.0, 358.0, 358.0, 0.01, 0.0, -0.07, -0.54]
[0.195, 0.0, -0.14, -0.54]
Going left
[635.0, 724.0, 0.35, 1.78, 345.0, 293.0, 0.08, -1.04, 0.42, -1.38]
[0.215, 0.37, 0.84, -1.38]
going right
[703.0, 715.0, 0.35, 0.24, 353.0, 351.0, 0.02, -0.04, -0.13, -0.25]
[0.185, 0.09999999999999999, -0.26, -0.25]
Going left
[715.0, 718.0, 0.35, 0.06, 348.0, 351.0, 0.02, 0.06, 0.16, -1.03]
[0.185, 0.06, 0.32, -1.03]
Going left
[704.0, 709.0, 0.34, 0.1, 348.0, 351.0, 0.02, 0.06, -0.0, -1.66]
[0.18000000000000002, 0.08, -0.0, -1.66]
Going left
[723.0, 721.0, 0.35, -0.04, 351.0, 362.0, 0.01, 0.22, -0.94, -0.47]
[0.18, 0.09, -1.88, -0.47]
Going left
[747.0, 742.0, 0.37, -0.1, 362.0, 353.0, 0.02, -0.18, -0.38, -0.03]
[0.195, -0.14, -0.76, -0.03]
Going left
[755.0, 752.0, 0.38, -0.06, 358.0, 358.0, 0.01, 0.0, -0.43, -0.14]
[0.195, -0.03, -0.86, -0.14]
Going left
[755.0, 747.0, 0.38, -0.16, 358.0, 358.0, 0.01, 0.0, -0.44, -0.04]
[0.195, -0.08, -0.88, -0.04]
Going left
[755.0, 747.0, 0.38, -0.16, 358.0, 358.0, 0.01, 0.0, -0.45, -0.04]
[0.195, -0.08, -0.9, -0.04]
Going left
[747.0, 752.0, 0.38, 0.1, 358.0, 358.0, 0.01, 0.0, -0.45, -0.04]
[0.195, 0.05, -0.9, -0.04]
Going left
[742.0, 752.0, 0.38, 0.2, 358.0, 358.0, 0.01, 0.0, -0.45, -0.04]
[0.195, 0.1, -0.9, -0.04]
Going left
[755.0, 747.0, 0.38, -0.16, 358.0, 358.0, 0.01, 0.0, -0.44, -0.05]
[0.195, -0.08, -0.88, -0.05]
Going left
[747.0, 747.0, 0.38, 0.0, 358.0, 358.0, 0.01, 0.0, -0.45, -0.05]
[0.195, 0.0, -0.9, -0.05]
Going left
[742.0, 752.0, 0.38, 0.2, 358.0, 358.0, 0.01, 0.0, -0.45, -0.05]
[0.195, 0.1, -0.9, -0.05]
Going left
[747.0, 742.0, 0.37, -0.1, 358.0, 358.0, 0.01, 0.0, -0.44, -0.05]
[0.19, -0.05, -0.88, -0.05]
Going left
[747.0, 747.0, 0.38, 0.0, 358.0, 358.0, 0.01, 0.0, -0.44, -0.05]
[0.195, 0.0, -0.88, -0.05]
Going left
[742.0, 742.0, 0.37, 0.0, 358.0, 358.0, 0.01, 0.0, -0.45, -0.05]
[0.19, 0.0, -0.9, -0.05]
Going left
[742.0, 747.0, 0.38, 0.1, 353.0, 353.0, 0.02, 0.0, -0.45, -0.04]
[0.2, 0.05, -0.9, -0.04]
Going left
[747.0, 747.0, 0.38, 0.0, 358.0, 358.0, 0.01, 0.0, -0.44, -0.05]
[0.195, 0.0, -0.88, -0.05]
Going left
[738.0, 747.0, 0.38, 0.18, 358.0, 358.0, 0.01, 0.0, -0.44, -0.05]
[0.195, 0.09, -0.88, -0.05]
Going left
[747.0, 738.0, 0.37, -0.18, 358.0, 358.0, 0.01, 0.0, -0.44, -0.04]
[0.19, -0.09, -0.88, -0.04]
Going left
[747.0, 755.0, 0.38, 0.16, 358.0, 358.0, 0.01, 0.0, -0.45, -0.04]
[0.195, 0.08, -0.9, -0.04]
Going left
[755.0, 747.0, 0.38, -0.16, 358.0, 358.0, 0.01, 0.0, -0.44, -0.05]
[0.195, -0.08, -0.88, -0.05]
Going left
[742.0, 747.0, 0.38, 0.1, 358.0, 358.0, 0.01, 0.0, -0.44, -0.05]
[0.195, 0.05, -0.88, -0.05]
Going left
[752.0, 755.0, 0.38, 0.06, 358.0, 353.0, 0.02, -0.1, -0.44, -0.04]
[0.2, -0.020000000000000004, -0.88, -0.04]
Going left
[752.0, 755.0, 0.38, 0.06, 358.0, 358.0, 0.01, 0.0, -0.44, -0.05]
[0.195, 0.03, -0.88, -0.05]
Going left
[747.0, 752.0, 0.38, 0.1, 358.0, 358.0, 0.01, 0.0, -0.44, -0.05]
[0.195, 0.05, -0.88, -0.05]
Going left
[755.0, 755.0, 0.38, 0.0, 358.0, 358.0, 0.01, 0.0, -0.55, -0.01]
[0.195, 0.0, -1.1, -0.01]
Going left
[747.0, 755.0, 0.38, 0.16, 358.0, 358.0, 0.01, 0.0, 0.09, 3.28]
[0.195, 0.08, 0.18, 3.28]
going right
[558.0, 759.0, 0.39, 4.02, 348.0, 298.0, 0.07, -1.0, -0.09, -2.09]
[0.23, 1.5099999999999998, -0.18, -2.09]
Going left
[721.0, 718.0, 0.35, -0.06, 348.0, 92.0, 0.28, -5.12, -0.05, 3.0]
[0.315, -2.59, -0.1, 3.0]
PENDULUM DIED STOP SCRIPT


gracek1459@gracek1459-desktop:~/Documents/L46/L46_sim2Real/raspi_code$ sudo python full_hardware_code_w_arduino.py 
[362.0, 362.0, -0.01, 0.0, 402.0, 402.0, -0.03, 0.0, 0.08, -0.04]
going right
[362.0, 362.0, -0.01, 0.0, 402.0, 402.0, -0.03, 0.0, 0.08, -0.05]
[-0.02, 0.0, 0.16, -0.05]
going right
[362.0, 362.0, -0.01, 0.0, 402.0, 402.0, -0.03, 0.0, 0.08, -0.05]
[-0.02, 0.0, 0.16, -0.05]
going right
[362.0, 362.0, -0.01, 0.0, 402.0, 402.0, -0.03, 0.0, 0.08, -0.05]
[-0.02, 0.0, 0.16, -0.05]
going right
[362.0, 362.0, -0.01, 0.0, 402.0, 402.0, -0.03, 0.0, 0.08, -0.05]
[-0.02, 0.0, 0.16, -0.05]
going right
[362.0, 362.0, -0.01, 0.0, 402.0, 402.0, -0.03, 0.0, 0.08, -0.05]
[-0.02, 0.0, 0.16, -0.05]
going right
[362.0, 362.0, -0.01, 0.0, 402.0, 402.0, -0.03, 0.0, 0.08, -0.05]
[-0.02, 0.0, 0.16, -0.05]
going right
[362.0, 362.0, -0.01, 0.0, 402.0, 402.0, -0.03, 0.0, 0.08, -0.05]
[-0.02, 0.0, 0.16, -0.05]
going right
[362.0, 362.0, -0.01, 0.0, 402.0, 402.0, -0.03, 0.0, 0.08, -0.05]
[-0.02, 0.0, 0.16, -0.05]
going right
[362.0, 362.0, -0.01, 0.0, 402.0, 402.0, -0.03, 0.0, 0.08, -0.05]
[-0.02, 0.0, 0.16, -0.05]
going right
[362.0, 362.0, -0.01, 0.0, 402.0, 402.0, -0.03, 0.0, 0.08, -0.05]
[-0.02, 0.0, 0.16, -0.05]
going right
[362.0, 362.0, -0.01, 0.0, 402.0, 402.0, -0.03, 0.0, 0.08, -0.05]
[-0.02, 0.0, 0.16, -0.05]
going right
[362.0, 362.0, -0.01, 0.0, 402.0, 402.0, -0.03, 0.0, 0.08, -0.05]
[-0.02, 0.0, 0.16, -0.05]
going right
[362.0, 362.0, -0.01, 0.0, 402.0, 402.0, -0.03, 0.0, 0.08, -0.05]
[-0.02, 0.0, 0.16, -0.05]
going right
[362.0, 362.0, -0.01, 0.0, 402.0, 402.0, -0.03, 0.0, 0.08, -0.05]
[-0.02, 0.0, 0.16, -0.05]
going right
[362.0, 362.0, -0.01, 0.0, 402.0, 402.0, -0.03, 0.0, 0.08, -0.04]
[-0.02, 0.0, 0.16, -0.04]
going right
[362.0, 362.0, -0.01, 0.0, 402.0, 402.0, -0.03, 0.0, -0.03, -0.83]
[-0.02, 0.0, -0.06, -0.83]
Going left
[348.0, 351.0, -0.02, 0.06, 414.0, 424.0, -0.05, 0.2, -0.04, -1.74]
[-0.035, 0.13, -0.08, -1.74]
Going left
[332.0, 327.0, -0.04, -0.1, 448.0, 454.0, -0.08, 0.12, 0.26, 1.31]
[-0.06, 0.009999999999999995, 0.52, 1.31]
going right
[309.0, 306.0, -0.06, -0.06, 460.0, 458.0, -0.09, -0.04, -0.31, -1.86]
[-0.075, -0.05, -0.62, -1.86]
Going left
[311.0, 303.0, -0.07, -0.16, 471.0, 477.0, -0.11, 0.12, -0.11, 0.35]
[-0.09, -0.020000000000000004, -0.22, 0.35]
going right
[296.0, 298.0, -0.07, 0.04, 465.0, 467.0, -0.1, 0.04, -1.07, -0.21]
[-0.085, 0.04, -2.14, -0.21]
Going left
[306.0, 296.0, -0.07, -0.2, 473.0, 485.0, -0.12, 0.24, -0.07, 1.02]
[-0.095, 0.01999999999999999, -0.14, 1.02]
going right
[290.0, 285.0, -0.09, -0.1, 473.0, 479.0, -0.11, 0.12, -1.09, -0.14]
[-0.1, 0.009999999999999995, -2.18, -0.14]
Going left
[311.0, 280.0, -0.09, -0.62, 483.0, 494.0, -0.12, 0.22, -0.07, 0.75]
[-0.105, -0.2, -0.14, 0.75]
going right
[277.0, 288.0, -0.08, 0.22, 487.0, 479.0, -0.11, -0.16, -1.1, 0.15]
[-0.095, 0.03, -2.2, 0.15]
Going left
[306.0, 271.0, -0.1, -0.7, 487.0, 497.0, -0.13, 0.2, 0.01, 1.3]
[-0.115, -0.24999999999999997, 0.02, 1.3]
going right
[280.0, 256.0, -0.11, -0.48, 490.0, 485.0, -0.12, -0.1, -1.12, -0.18]
[-0.11499999999999999, -0.29, -2.24, -0.18]
Going left
[290.0, 288.0, -0.08, -0.04, 487.0, 497.0, -0.13, 0.2, -0.12, 1.86]
[-0.10500000000000001, 0.08, -0.24, 1.86]
going right
[259.0, 268.0, -0.1, 0.18, 490.0, 483.0, -0.11, -0.14, -0.97, -3.15]
[-0.10500000000000001, 0.01999999999999999, -1.94, -3.15]
Going left
[319.0, 280.0, -0.09, -0.78, 492.0, 497.0, -0.13, 0.1, -0.11, 1.03]
[-0.11, -0.34, -0.22, 1.03]
going right
[265.0, 265.0, -0.11, 0.0, 489.0, 480.0, -0.11, -0.18, -0.75, -0.54]
[-0.11, -0.09, -1.5, -0.54]
Going left
[288.0, 288.0, -0.08, 0.0, 492.0, 497.0, -0.13, 0.1, -0.09, 0.55]
[-0.10500000000000001, 0.05, -0.18, 0.55]
going right
[251.0, 271.0, -0.1, 0.4, 487.0, 487.0, -0.12, 0.0, -0.84, 0.01]
[-0.11, 0.2, -1.68, 0.01]
Going left
[288.0, 262.0, -0.11, -0.52, 487.0, 490.0, -0.12, 0.06, -0.09, 0.27]
[-0.11499999999999999, -0.23, -0.18, 0.27]
Going left
[265.0, 282.0, -0.09, 0.34, 483.0, 489.0, -0.12, 0.12, -0.43, -0.19]
[-0.105, 0.23, -0.86, -0.19]
Going left
[293.0, 290.0, -0.08, -0.06, 467.0, 467.0, -0.1, 0.0, -0.68, -0.04]
[-0.09, -0.03, -1.36, -0.04]
Going left
[311.0, 317.0, -0.05, 0.12, 447.0, 445.0, -0.08, -0.04, -0.4, -0.05]
[-0.065, 0.039999999999999994, -0.8, -0.05]
Going left
[332.0, 351.0, -0.02, 0.38, 430.0, 392.0, -0.02, -0.76, -0.37, -0.04]
[-0.02, -0.19, -0.74, -0.04]
Going left
[378.0, 373.0, 0.0, -0.1, 351.0, 343.0, 0.03, -0.16, -0.42, -0.03]
[0.015, -0.13, -0.84, -0.03]
Going left
[445.0, 450.0, 0.08, 0.1, 285.0, 280.0, 0.09, -0.1, -0.33, -0.06]
[0.08499999999999999, 0.0, -0.66, -0.06]
Going left
[523.0, 544.0, 0.17, 0.42, 215.0, 218.0, 0.15, 0.06, -0.37, 0.0]
[0.16, 0.24, -0.74, 0.0]
Going left
[603.0, 662.0, 0.29, 1.18, 107.0, 95.0, 0.27, -0.24, -0.33, 0.22]
[0.28, 0.47, -0.66, 0.22]
Going left
[717.0, 747.0, 0.38, 0.6, 353.0, 360.0, 0.01, 0.14, -0.02, 4.17]
[0.195, 0.37, -0.04, 4.17]
going right
[742.0, 747.0, 0.38, 0.1, 298.0, 298.0, 0.07, 0.0, -0.15, 0.08]
[0.225, 0.05, -0.3, 0.08]
Going left
[732.0, 723.0, 0.35, -0.18, 351.0, 301.0, 0.07, -1.0, 0.39, -1.8]
[0.21, -0.59, 0.78, -1.8]
Going left
[710.0, 709.0, 0.34, -0.02, 358.0, 358.0, 0.01, 0.0, -0.54, -2.92]
[0.17500000000000002, -0.01, -1.08, -2.92]
Going left
[716.0, 724.0, 0.35, 0.16, 311.0, 327.0, 0.04, 0.32, -0.32, 0.46]
[0.19499999999999998, 0.24, -0.64, 0.46]
Going left
[729.0, 732.0, 0.36, 0.06, 348.0, 348.0, 0.02, 0.0, -0.4, -0.03]
[0.19, 0.03, -0.8, -0.03]
Going left
[734.0, 734.0, 0.36, 0.0, 348.0, 348.0, 0.02, 0.0, -0.32, 0.0]
[0.19, 0.0, -0.64, 0.0]
Going left
[741.0, 743.0, 0.37, 0.04, 355.0, 351.0, 0.02, -0.08, -0.69, 0.03]
[0.195, -0.02, -1.38, 0.03]
Going left
[746.0, 746.0, 0.38, 0.0, 362.0, 362.0, 0.01, 0.0, -0.44, -0.05]
[0.195, 0.0, -0.88, -0.05]
Going left
[746.0, 746.0, 0.38, 0.0, 362.0, 362.0, 0.01, 0.0, -0.44, -0.04]
[0.195, 0.0, -0.88, -0.04]
Going left
[746.0, 746.0, 0.38, 0.0, 362.0, 362.0, 0.01, 0.0, -0.44, -0.05]
[0.195, 0.0, -0.88, -0.05]
Going left
[750.0, 746.0, 0.38, -0.08, 362.0, 362.0, 0.01, 0.0, -0.45, -0.05]
[0.195, -0.04, -0.9, -0.05]
Going left
[746.0, 746.0, 0.38, 0.0, 362.0, 362.0, 0.01, 0.0, -0.44, -0.05]
[0.195, 0.0, -0.88, -0.05]
Going left
[746.0, 750.0, 0.38, 0.08, 362.0, 362.0, 0.01, 0.0, -0.45, -0.04]
[0.195, 0.04, -0.9, -0.04]
Going left
[746.0, 746.0, 0.38, 0.0, 362.0, 362.0, 0.01, 0.0, -0.45, -0.04]
[0.195, 0.0, -0.9, -0.04]
Going left
[750.0, 746.0, 0.38, -0.08, 362.0, 362.0, 0.01, 0.0, -0.44, -0.05]
[0.195, -0.04, -0.88, -0.05]
Going left
[746.0, 746.0, 0.38, 0.0, 362.0, 362.0, 0.01, 0.0, -0.44, -0.05]
[0.195, 0.0, -0.88, -0.05]
Going left
[746.0, 746.0, 0.38, 0.0, 362.0, 362.0, 0.01, 0.0, -0.45, -0.04]
[0.195, 0.0, -0.9, -0.04]
Going left
[750.0, 746.0, 0.38, -0.08, 362.0, 362.0, 0.01, 0.0, -0.44, -0.04]
[0.195, -0.04, -0.88, -0.04]
Going left
[746.0, 746.0, 0.38, 0.0, 362.0, 362.0, 0.01, 0.0, -0.44, -0.05]
[0.195, 0.0, -0.88, -0.05]
Going left
[746.0, 746.0, 0.38, 0.0, 362.0, 362.0, 0.01, 0.0, -0.44, -0.05]
[0.195, 0.0, -0.88, -0.05]
Going left
[746.0, 746.0, 0.38, 0.0, 362.0, 362.0, 0.01, 0.0, -0.45, -0.04]
[0.195, 0.0, -0.9, -0.04]
Going left
[746.0, 746.0, 0.38, 0.0, 362.0, 362.0, 0.01, 0.0, -0.45, -0.04]
[0.195, 0.0, -0.9, -0.04]
Going left
[746.0, 746.0, 0.38, 0.0, 362.0, 362.0, 0.01, 0.0, -0.45, -0.05]
[0.195, 0.0, -0.9, -0.05]
Going left
[746.0, 746.0, 0.38, 0.0, 362.0, 362.0, 0.01, 0.0, -0.44, -0.04]
[0.195, 0.0, -0.88, -0.04]
Going left
[746.0, 746.0, 0.38, 0.0, 362.0, 362.0, 0.01, 0.0, -0.45, -0.04]
[0.195, 0.0, -0.9, -0.04]
Going left
[746.0, 746.0, 0.38, 0.0, 362.0, 362.0, 0.01, 0.0, -0.45, -0.05]
[0.195, 0.0, -0.9, -0.05]
Going left
[746.0, 746.0, 0.38, 0.0, 362.0, 362.0, 0.01, 0.0, -0.44, -0.05]
[0.195, 0.0, -0.88, -0.05]
Going left
[746.0, 746.0, 0.38, 0.0, 362.0, 362.0, 0.01, 0.0, -0.44, -0.05]
[0.195, 0.0, -0.88, -0.05]
Going left
[746.0, 746.0, 0.38, 0.0, 362.0, 362.0, 0.01, 0.0, -0.44, -0.05]
[0.195, 0.0, -0.88, -0.05]
Going left
[746.0, 746.0, 0.38, 0.0, 362.0, 362.0, 0.01, 0.0, -0.44, -0.05]
[0.195, 0.0, -0.88, -0.05]
Going left
[746.0, 746.0, 0.38, 0.0, 362.0, 362.0, 0.01, 0.0, -0.44, -0.05]
[0.195, 0.0, -0.88, -0.05]
Going left
[746.0, 746.0, 0.38, 0.0, 362.0, 362.0, 0.01, 0.0, -0.44, -0.05]
[0.195, 0.0, -0.88, -0.05]
Going left
[746.0, 746.0, 0.38, 0.0, 362.0, 362.0, 0.01, 0.0, -0.44, -0.05]
[0.195, 0.0, -0.88, -0.05]
Going left
[746.0, 746.0, 0.38, 0.0, 362.0, 362.0, 0.01, 0.0, -0.44, -0.05]
[0.195, 0.0, -0.88, -0.05]
Going left
[746.0, 746.0, 0.38, 0.0, 362.0, 362.0, 0.01, 0.0, -0.44, -0.05]
[0.195, 0.0, -0.88, -0.05]
Going left
[746.0, 746.0, 0.38, 0.0, 362.0, 362.0, 0.01, 0.0, -0.45, -0.04]
[0.195, 0.0, -0.9, -0.04]
Going left
[746.0, 746.0, 0.38, 0.0, 362.0, 362.0, 0.01, 0.0, -0.44, -0.05]
[0.195, 0.0, -0.88, -0.05]
Going left
[746.0, 746.0, 0.38, 0.0, 362.0, 362.0, 0.01, 0.0, -0.44, -0.04]
[0.195, 0.0, -0.88, -0.04]
Going left
[746.0, 746.0, 0.38, 0.0, 362.0, 362.0, 0.01, 0.0, -0.44, -0.04]
[0.195, 0.0, -0.88, -0.04]
Going left
[746.0, 746.0, 0.38, 0.0, 362.0, 362.0, 0.01, 0.0, -0.44, -0.05]
[0.195, 0.0, -0.88, -0.05]
Going left
[746.0, 750.0, 0.38, 0.08, 362.0, 362.0, 0.01, 0.0, -0.44, -0.05]
[0.195, 0.04, -0.88, -0.05]
Going left
^CTraceback (most recent call last):
  File "/home/gracek1459/Documents/L46/L46_sim2Real/raspi_code/full_hardware_code_w_arduino.py", line 87, in <module>
    if ser.in_waiting > 0:
KeyboardInterrupt



####
sudo python full_hardware_code_w_arduino.py 

[358.0, 358.0, -0.01, 0.0, 383.0, 383.0, -0.01, 0.0, 0.05, -0.05]
going right
[358.0, 3358.0, 358.0, -0.01, 0.0, 383.0, 383.0, -0.01, 0.0, 0.05, -0.05]
[370.5, -0.01, 0.0, 0.05]
PENDULUM DIED STOP SCRIPT



